0.993228018283844 0.0430302992463112
0.993291974067688 0.0430433005094528
0.993355989456177 0.0430563017725945
0.993421018123627 0.0430692993104458
0.993484973907471 0.0430824011564255
0.993550002574921 0.0430954992771149
0.993614971637726 0.0431086011230946
0.993680000305176 0.043121799826622
0.993745028972626 0.0431349985301495
0.993809998035431 0.0431483015418053
0.993875026702881 0.0431616008281708
0.993941009044647 0.0431749001145363
0.994006991386414 0.0431881994009018
0.99407297372818 0.0432015992701054
0.994139015674591 0.0432149991393089
0.994204998016357 0.0432284995913506
0.994271993637085 0.0432420000433922
0.994338989257813 0.0432555004954338
0.994404971599579 0.0432691015303135
0.994472980499268 0.0432826988399029
0.994539976119995 0.0432962998747826
0.994606971740723 0.0433100014925003
0.994674980640411 0.0433236993849277
0.9947429895401 0.0433374010026455
0.994809985160828 0.043351199477911
0.994879007339478 0.0433650016784668
0.994947016239166 0.0433789007365704
0.995015025138855 0.0433927997946739
0.99508398771286 0.0434066988527775
0.99515300989151 0.0434206984937191
0.995221972465515 0.043434701859951
0.995290994644165 0.0434487015008926
0.995360970497131 0.0434628017246723
0.995429992675781 0.0434768982231617
0.995500028133392 0.0434910990297794
0.995570003986359 0.0435051992535591
0.995639979839325 0.0435195006430149
0.995711028575897 0.0435337983071804
0.995781004428864 0.0435480996966362
0.995851993560791 0.043562401086092
0.995922982692719 0.0435767993330956
0.995993971824646 0.0435912013053894
0.996065020561218 0.043605700135231
0.996137022972107 0.0436201989650726
0.996209025382996 0.0436347015202045
0.996281027793884 0.0436493009328842
0.996352970600128 0.0436639003455639
0.996424973011017 0.0436786003410816
0.996497988700867 0.0436933003365993
0.996569991111755 0.0437080003321171
0.996643006801605 0.0437228009104729
0.996716022491455 0.0437376983463764
0.996789991855621 0.0437524989247322
0.996863007545471 0.0437674000859261
0.996936976909637 0.043782401829958
0.997011005878448 0.0437973998486996
0.997084975242615 0.0438124015927315
0.997159004211426 0.0438275001943111
0.997233986854553 0.0438425987958908
0.997309029102325 0.0438577011227608
0.997384011745453 0.0438729003071785
0.99745899438858 0.0438882000744343
0.997533977031708 0.043903399258852
0.997609972953796 0.0439187996089458
0.99768602848053 0.0439340993762016
0.997762024402618 0.0439494997262955
0.997838020324707 0.0439650006592274
0.997914016246796 0.0439805015921593
0.997991025447845 0.0439959987998009
0.99806797504425 0.0440116003155708
0.9981449842453 0.0440272018313408
0.99822199344635 0.0440429002046585
0.998300015926361 0.0440585985779762
0.998377025127411 0.0440743006765842
0.998454988002777 0.04409009963274
0.998533010482788 0.0441059991717339
0.998611986637115 0.0441218987107277
0.998690009117126 0.0441377982497215
0.998768985271454 0.0441537983715534
0.998848021030426 0.0441697984933853
0.998928010463715 0.0441857986152172
0.999006986618042 0.0442019999027252
0.999086976051331 0.0442181006073952
0.999167025089264 0.0442342981696129
0.999247014522552 0.044250600039959
0.999327003955841 0.0442668981850147
0.999408006668091 0.0442832000553608
0.999489009380341 0.0442995987832546
0.99957001209259 0.0443160012364388
0.99965101480484 0.0443325005471706
0.999732971191406 0.0443489998579025
0.999814987182617 0.0443655997514725
0.999897003173828 0.0443821996450424
0.999979019165039 0.0443989001214504
1.00005996227264 0.0444156005978584
1.00013995170593 0.0444324016571045
1.00022995471954 0.0444491989910603
1.00030994415283 0.0444660000503063
1.00039005279541 0.0444829985499382
1.00048005580902 0.0444999001920223
1.00056004524231 0.0445168986916542
1.00065004825592 0.0445340014994144
1.00073003768921 0.0445511005818844
1.0008100271225 0.0445681996643543
1.00090003013611 0.0445853993296623
1.0009800195694 0.0446026995778084
1.00107002258301 0.0446199998259544
1.00116002559662 0.0446373000741005
1.00124001502991 0.0446547009050846
1.00133001804352 0.0446721985936165
1.00141000747681 0.0446897000074387
1.00150001049042 0.0447072014212608
1.00159001350403 0.0447249002754688
1.00167000293732 0.0447424985468388
1.00176000595093 0.0447602011263371
1.00185000896454 0.0447780005633831
1.00194001197815 0.0447958000004292
1.00203001499176 0.0448137000203133
1.00211000442505 0.0448316000401974
1.00220000743866 0.0448495000600815
1.00229001045227 0.0448676012456417
1.00238001346588 0.0448856018483639
1.00247001647949 0.0449037998914719
1.0025600194931 0.0449219010770321
1.00265002250671 0.0449401997029781
1.00274002552032 0.0449584983289242
1.00283002853394 0.0449768006801605
1.00292003154755 0.0449951998889446
1.00301003456116 0.0450135990977287
1.00310003757477 0.0450321994721889
1.0032000541687 0.0450506992638111
1.00329005718231 0.0450692996382713
1.00337994098663 0.0450880005955696
1.00346994400024 0.0451067015528679
1.00356996059418 0.0451254993677139
1.00365996360779 0.0451443009078503
1.0037499666214 0.0451631993055344
1.00384998321533 0.0451821982860565
1.00393998622894 0.045201200991869
1.00402998924255 0.0452203005552292
1.00413000583649 0.0452394001185894
1.0042200088501 0.0452584996819496
1.00432002544403 0.0452778004109859
1.00441002845764 0.0452971011400223
1.00451004505157 0.0453163981437683
1.00460004806519 0.0453357994556427
1.00469994544983 0.0453553013503551
1.00479996204376 0.0453747995197773
1.00488996505737 0.0453943982720375
1.00498998165131 0.0454141013324261
1.00508999824524 0.0454338006675243
1.00519001483917 0.0454535000026226
1.00528001785278 0.045473400503397
1.00538003444672 0.0454932004213333
1.00548005104065 0.0455132015049458
1.00557994842529 0.0455331988632679
1.00567996501923 0.0455531999468803
1.00577998161316 0.0455733984708786
1.00587999820709 0.0455936007201672
1.00598001480103 0.0456137992441654
1.00608003139496 0.0456340983510017
1.00618004798889 0.0456545017659664
1.00627994537354 0.0456749014556408
1.00637996196747 0.0456954017281532
1.0064799785614 0.0457159988582134
1.00657999515533 0.0457365997135639
1.00669002532959 0.0457573011517525
1.00679004192352 0.0457780994474888
1.00689005851746 0.0457989014685154
1.00699996948242 0.0458198003470898
1.00709998607635 0.0458406992256641
1.00720000267029 0.0458616986870766
1.00731003284454 0.0458827987313271
1.00741004943848 0.0459038987755775
1.00751996040344 0.0459250994026661
1.00761997699738 0.0459464006125927
1.00773000717163 0.0459677986800671
1.00783002376556 0.0459892004728317
1.00794005393982 0.0460105985403061
1.00803995132446 0.0460322014987469
1.00814998149872 0.0460538007318974
1.00826001167297 0.0460753999650478
1.00837004184723 0.0460972003638744
1.00847005844116 0.046119000762701
1.00857996940613 0.0461409017443657
1.00868999958038 0.0461627990007401
1.00880002975464 0.0461848005652428
1.0089099407196 0.0462068989872932
1.00901997089386 0.0462291017174721
1.00913000106812 0.0462513007223606
1.00924003124237 0.0462736003100872
1.00934994220734 0.0462960004806519
1.00945997238159 0.0463184006512165
1.00957000255585 0.0463409014046192
1.0096800327301 0.0463634990155697
1.00978994369507 0.0463861003518105
1.00990998744965 0.046408899128437
1.0100200176239 0.0464317016303539
1.01013004779816 0.0464545004069805
1.01024997234344 0.0464775003492832
1.0103600025177 0.0465005002915859
1.01047003269196 0.0465236008167267
1.01058995723724 0.0465467013418674
1.0106999874115 0.046569999307394
1.01082003116608 0.0465933009982109
1.01092994213104 0.0466166995465755
1.01104998588562 0.0466401018202305
1.0111700296402 0.0466637015342712
1.01127994060516 0.046687301248312
1.01139998435974 0.0467110015451908
1.01152002811432 0.0467347018420696
1.01163995265961 0.0467585995793343
1.01174998283386 0.0467825010418892
1.01187002658844 0.0468064993619919
1.01198995113373 0.0468305982649326
1.01210999488831 0.0468547008931637
1.01223003864288 0.0468790009617805
1.01234996318817 0.0469033010303974
1.01247000694275 0.0469277016818523
1.01259005069733 0.046952098608017
1.01270997524261 0.046976700425148
1.01284003257751 0.0470012985169888
1.0129599571228 0.0470260009169579
1.01308000087738 0.0470508001744747
1.01320004463196 0.0470757000148296
1.01332998275757 0.0471007004380226
1.01345002651215 0.0471257008612156
1.01357996463776 0.0471507981419563
1.01370000839233 0.0471759997308254
1.01382005214691 0.0472012981772423
1.01394999027252 0.0472267009317875
1.01408004760742 0.0472520999610424
1.01419997215271 0.0472777001559734
1.01433002948761 0.0473033003509045
1.01445996761322 0.0473290011286736
1.0145800113678 0.0473547987639904
1.01470994949341 0.0473807007074356
1.01484000682831 0.0474066995084286
1.01496994495392 0.0474326983094215
1.01510000228882 0.0474588982760906
1.01522994041443 0.0474850982427597
1.01535999774933 0.0475113987922668
1.01549005508423 0.047537799924612
1.01561999320984 0.0475643016397953
1.01575005054474 0.0475909002125263
1.01587998867035 0.0476175993680954
1.01602005958557 0.0476442985236645
1.01614999771118 0.0476711988449097
1.01628005504608 0.0476980991661549
1.01642000675201 0.0477252006530762
1.01654994487762 0.0477522984147072
1.01669001579285 0.0477795004844666
1.01681995391846 0.0478067994117737
1.01696002483368 0.0478341989219189
1.01708996295929 0.0478616990149021
1.01723003387451 0.0478892996907234
1.01736998558044 0.0479170009493828
1.01750004291534 0.0479447990655899
1.01763999462128 0.0479727014899254
1.01777994632721 0.0480006001889706
1.01792001724243 0.0480287000536919
1.01805996894836 0.0480569005012512
1.01820003986359 0.0480851009488106
1.01833999156952 0.0481134988367558
1.01847994327545 0.0481419004499912
1.01862001419067 0.0481704995036125
1.01875996589661 0.0481990985572338
1.01890003681183 0.0482278987765312
1.01905000209808 0.0482566989958286
1.01918995380402 0.0482857003808022
1.01933002471924 0.0483147017657757
1.01947999000549 0.048343900591135
1.01961994171143 0.0483730994164944
1.01977002620697 0.0484024994075298
1.0199099779129 0.0484319999814034
1.02005994319916 0.0484615005552769
1.0202100276947 0.0484911985695362
1.02035999298096 0.0485210008919239
1.02049994468689 0.0485507994890213
1.02065002918243 0.0485807992517948
1.02079999446869 0.0486108995974064
1.02094995975494 0.048641100525856
1.02110004425049 0.0486713983118534
1.02125000953674 0.0487018004059792
1.021399974823 0.0487322993576527
1.02155005931854 0.0487628988921642
1.02171003818512 0.0487935990095139
1.02186000347137 0.0488245002925396
1.02200996875763 0.0488554015755653
1.02216994762421 0.0488865002989769
1.02232003211975 0.0489175990223885
1.02246999740601 0.0489488989114761
1.02262997627258 0.0489802993834019
1.02278995513916 0.0490118004381657
1.0229400396347 0.0490433983504772
1.02310001850128 0.0490751005709171
1.02325999736786 0.0491070002317429
1.02341997623444 0.0491388998925686
1.02356994152069 0.0491710007190704
1.02373003959656 0.04920319840312
1.02389001846313 0.049235500395298
1.02404999732971 0.0492678992450237
1.02421998977661 0.0493004992604256
1.02437996864319 0.0493330992758274
1.02453994750977 0.0493659004569054
1.02470004558563 0.0493987984955311
1.02487003803253 0.0494318008422852
1.02503001689911 0.049464900046587
1.02520000934601 0.0494982004165649
1.02535998821259 0.0495315007865429
1.02552998065948 0.0495649985969067
1.02568995952606 0.0495987012982368
1.02585995197296 0.0496324002742767
1.02602994441986 0.0496663004159927
1.02620005607605 0.0497003011405468
1.02637004852295 0.0497343987226486
1.02654004096985 0.0497686006128788
1.02671003341675 0.0498029999434948
1.02688002586365 0.0498374998569489
1.02705001831055 0.049872100353241
1.02722001075745 0.0499068014323711
1.02739000320435 0.0499416999518871
1.02757000923157 0.0499766990542412
1.02774000167847 0.0500118993222713
1.02792000770569 0.0500470995903015
1.02809000015259 0.0500825010240078
1.02827000617981 0.0501180998980999
1.02843999862671 0.050153698772192
1.02862000465393 0.0501894988119602
1.02880001068115 0.0502255000174046
1.02898001670837 0.0502615012228489
1.0291600227356 0.050297699868679
1.02934002876282 0.0503340996801853
1.02952003479004 0.0503706000745296
1.02970004081726 0.050407201051712
1.02988004684448 0.0504438988864422
1.03006994724274 0.0504808016121387
1.03024995326996 0.0505179017782211
1.03042995929718 0.0505549982190132
1.03061997890472 0.0505922995507717
1.03080999851227 0.050629798322916
1.03099000453949 0.0506674014031887
1.03118002414703 0.0507051013410091
1.03137004375458 0.0507429987192154
1.03155994415283 0.0507811009883881
1.03173995018005 0.0508191995322704
1.0319299697876 0.050857599824667
1.03213000297546 0.0508960001170635
1.03232002258301 0.0509346015751362
1.03251004219055 0.0509734004735947
1.03269994258881 0.0510122999548912
1.03289997577667 0.0510514006018639
1.03308999538422 0.0510906018316746
1.03329002857208 0.0511300005018711
1.03348004817963 0.0511694997549057
1.0336799621582 0.0512092001736164
1.03387999534607 0.0512490011751652
1.03407001495361 0.0512889996170998
1.03427004814148 0.0513290986418724
1.03446996212006 0.0513693988323212
1.03466999530792 0.051409900188446
1.03488004207611 0.0514504984021187
1.03507995605469 0.0514913015067577
1.03527998924255 0.0515322014689445
1.03549003601074 0.0515732988715172
1.03568994998932 0.0516146011650562
1.03589999675751 0.051656000316143
1.03610002994537 0.051697600632906
1.03630995750427 0.0517393015325069
1.03652000427246 0.0517813004553318
1.03673005104065 0.0518232993781567
1.03693997859955 0.0518656000494957
1.03715002536774 0.0519080013036728
1.03735995292664 0.0519505999982357
1.03756999969482 0.0519932992756367
1.03778004646301 0.0520363003015518
1.03799998760223 0.0520793981850147
1.03821003437042 0.052122600376606
1.03842997550964 0.0521661005914211
1.03864002227783 0.0522097013890743
1.03885996341705 0.0522534996271133
1.03908002376556 0.0522974990308285
1.03929996490479 0.0523415990173817
1.0395200252533 0.052386000752449
1.03973996639252 0.0524304993450642
1.03996002674103 0.0524751991033554
1.04018998146057 0.0525199994444847
1.04041004180908 0.0525651015341282
1.0406299829483 0.0526103004813194
1.04086005687714 0.0526557005941868
1.04109001159668 0.05270129814744
1.0413099527359 0.0527471005916595
1.04154002666473 0.052793100476265
1.04176998138428 0.0528393015265465
1.04200005531311 0.0528857000172138
1.04223001003265 0.0529321990907192
1.0424599647522 0.0529788993299007
1.04270005226135 0.0530259013175964
1.0429300069809 0.0530730001628399
1.04316997528076 0.0531203001737595
1.04340004920959 0.0531678982079029
1.04364001750946 0.0532156005501747
1.04387998580933 0.0532635003328323
1.04411995410919 0.0533116012811661
1.04436004161835 0.0533598996698856
1.04460000991821 0.0534084998071194
1.04483997821808 0.0534572005271912
1.04507994651794 0.0535060986876488
1.04533004760742 0.0535552017390728
1.04557001590729 0.0536045990884304
1.04581999778748 0.0536541007459164
1.04606997966766 0.0537039004266262
1.04631996154785 0.0537539012730122
1.04656004905701 0.0538039989769459
1.04682004451752 0.0538543984293938
1.04707002639771 0.0539049990475178
1.04732000827789 0.053955901414156
1.04756999015808 0.0540069006383419
1.04782998561859 0.054058201611042
1.04807996749878 0.0541095994412899
1.04833996295929 0.054161299020052
1.0485999584198 0.0542131997644901
1.04885995388031 0.0542653985321522
1.04911994934082 0.0543177984654903
1.04937994480133 0.0543702989816666
1.04964005947113 0.054423201829195
1.04990994930267 0.0544762015342712
1.05016994476318 0.0545294992625713
1.05043995380402 0.0545829981565475
1.05069994926453 0.0546366982161999
1.05096995830536 0.0546907000243664
1.05123996734619 0.0547448992729187
1.05150997638702 0.0547992996871471
1.05178999900818 0.0548540018498898
1.05206000804901 0.0549089014530182
1.05233001708984 0.0549640990793705
1.052610039711 0.0550195015966892
1.05288994312286 0.0550751015543938
1.0531599521637 0.0551309995353222
1.05343997478485 0.0551871992647648
1.05371999740601 0.0552436001598835
1.05401003360748 0.055300198495388
1.05429005622864 0.0553570985794067
1.0545699596405 0.0554141998291016
1.05485999584198 0.0554715991020203
1.05514001846313 0.0555293001234531
1.05543005466461 0.0555871985852718
1.0557199716568 0.0556452982127666
1.05601000785828 0.0557038001716137
1.05631005764008 0.0557623989880085
1.05659997463226 0.0558214001357555
1.05689001083374 0.0558805987238884
1.05718994140625 0.0559400990605354
1.05748999118805 0.0559999011456966
1.05779004096985 0.0560599006712437
1.05808997154236 0.0561201982200146
1.05839002132416 0.0561807006597519
1.05868995189667 0.0562416017055511
1.05899000167847 0.0563027001917362
1.0592999458313 0.0563641004264355
1.05961000919342 0.0564257986843586
1.05991995334625 0.0564877018332481
1.06023001670837 0.0565499998629093
1.06053996086121 0.0566124990582466
1.06085002422333 0.0566753000020981
1.06115996837616 0.0567383989691734
1.0614800453186 0.056801799684763
1.06180000305176 0.0568654984235764
1.06211996078491 0.0569294989109039
1.06244003772736 0.0569938011467457
1.06275999546051 0.0570584014058113
1.06307995319366 0.0571232996881008
1.06341004371643 0.0571883991360664
1.06373000144958 0.0572539009153843
1.06405997276306 0.057319700717926
1.06438994407654 0.0573857985436916
1.0647200345993 0.0574522987008095
1.06505000591278 0.0575190000236034
1.06538999080658 0.0575859993696213
1.06571996212006 0.0576534010469913
1.06605994701385 0.0577211007475853
1.06640005111694 0.0577890984714031
1.06674003601074 0.0578574016690254
1.06708002090454 0.0579259991645813
1.06743001937866 0.0579949989914894
1.06777000427246 0.0580643005669117
1.06812000274658 0.0581339001655579
1.0684700012207 0.058203898370266
1.06881999969482 0.0582741983234882
1.06916999816895 0.0583448000252247
1.06951999664307 0.0584158003330231
1.06988000869751 0.0584870986640453
1.07024002075195 0.0585587993264198
1.0706000328064 0.0586308017373085
1.07096004486084 0.0587031990289688
1.07132005691528 0.0587759017944336
1.07167994976044 0.058848898857832
1.0720499753952 0.0589223988354206
1.07242000102997 0.0589960999786854
1.07279002666473 0.0590703003108501
1.0731600522995 0.0591447986662388
1.07352995872498 0.0592196993529797
1.07390999794006 0.0592949017882347
1.07429003715515 0.0593704991042614
1.07465994358063 0.0594464987516403
1.07504999637604 0.0595229007303715
1.07543003559113 0.0595996007323265
1.07580995559692 0.0596766993403435
1.07620000839233 0.0597542002797127
1.07658994197845 0.0598320998251438
1.07697999477386 0.0599104017019272
1.07737004756927 0.0599890016019344
1.07776999473572 0.0600681006908417
1.07816004753113 0.0601475983858109
1.07855999469757 0.0602274015545845
1.07895994186401 0.0603077001869678
1.07937002182007 0.0603884011507034
1.07976996898651 0.0604694001376629
1.08018004894257 0.0605508983135223
1.08059000968933 0.060632798820734
1.0809999704361 0.0607151016592979
1.08141005039215 0.0607978999614716
1.08183002471924 0.0608810000121593
1.082239985466 0.0609645992517471
1.08265995979309 0.0610486008226871
1.08308005332947 0.0611331015825272
1.08351004123688 0.0612180009484291
1.08393001556396 0.061303298920393
1.08436000347137 0.0613889992237091
1.08478999137878 0.0614751987159252
1.08522999286652 0.0615619011223316
1.08565998077393 0.0616489984095097
1.08609998226166 0.0617365017533302
1.08653998374939 0.0618245005607605
1.08697998523712 0.0619129985570908
1.08743000030518 0.0620018988847733
1.08787000179291 0.0620912984013557
1.08832001686096 0.0621812008321285
1.08877003192902 0.062271598726511
1.0892299413681 0.0623623989522457
1.08967995643616 0.0624536983668804
1.09013998508453 0.0625455006957054
1.09060001373291 0.0626377016305923
1.09107005596161 0.062730498611927
1.0915299654007 0.0628238022327423
1.09200000762939 0.0629175007343292
1.09247004985809 0.0630118027329445
1.09294998645782 0.0631065964698792
1.09342002868652 0.0632017999887466
1.09389996528625 0.0632975995540619
1.09438002109528 0.0633938983082771
1.09486997127533 0.0634908005595207
1.09536004066467 0.0635880976915359
1.09584999084473 0.0636859983205795
1.09633994102478 0.0637843981385231
1.09683001041412 0.063883401453495
1.0973299741745 0.0639827996492386
1.09783005714417 0.0640828981995583
1.09833002090454 0.0641835033893585
1.09883999824524 0.0642846003174782
1.09934997558594 0.0643863007426262
1.09985995292664 0.064488597214222
1.10037994384766 0.0645914003252983
1.10089004039764 0.0646947994828224
1.10141003131866 0.0647988021373749
1.10194003582001 0.0649032965302467
1.10246002674103 0.0650084018707275
1.10299003124237 0.0651142001152039
1.10353004932404 0.0652204975485802
1.10406005382538 0.0653273984789848
1.10459995269775 0.0654349029064178
1.10513997077942 0.0655430033802986
1.10569000244141 0.0656516999006271
1.10623002052307 0.0657610967755318
1.10678005218506 0.0658710971474648
1.10733997821808 0.0659817010164261
1.10790002346039 0.0660929009318352
1.10845994949341 0.066204696893692
1.10901999473572 0.0663172006607056
1.10959005355835 0.0664303973317146
1.11015999317169 0.066544197499752
1.11073005199432 0.0666586980223656
1.11131000518799 0.0667738020420074
1.11188995838165 0.0668895989656448
1.11247003078461 0.0670059993863106
1.11305999755859 0.0671231001615524
1.11364996433258 0.0672409981489182
1.11424005031586 0.0673594996333122
1.11484003067017 0.0674787014722824
1.11544001102448 0.0675986036658287
1.11605000495911 0.0677191987633705
1.11665999889374 0.067840501666069
1.11726999282837 0.0679624974727631
1.117879986763 0.0680852979421616
1.11849999427795 0.0682087987661362
1.11913001537323 0.0683329999446869
1.11975002288818 0.0684579983353615
1.12038004398346 0.0685836970806122
1.12101995944977 0.0687101036310196
1.12165999412537 0.068837396800518
1.12230002880096 0.0689653009176254
1.12293994426727 0.0690940991044044
1.12358999252319 0.0692235976457596
1.12425005435944 0.0693539977073669
1.12490999698639 0.0694850981235504
1.12557005882263 0.0696170032024384
1.12624001502991 0.0697496980428696
1.12690997123718 0.0698833018541336
1.12758004665375 0.0700175985693932
1.12826001644135 0.0701527968049049
1.12893998622894 0.0702887997031212
1.12962996959686 0.0704256966710091
1.13031995296478 0.0705633983016014
1.13101994991302 0.0707018971443176
1.13171994686127 0.0708412975072861
1.13241994380951 0.0709815993905067
1.13312995433807 0.0711228027939796
1.13384997844696 0.0712648034095764
1.13455998897552 0.0714078024029732
1.13529002666473 0.0715515986084938
1.13601005077362 0.071696400642395
1.13674998283386 0.0718420967459679
1.13748002052307 0.0719887018203735
1.13821995258331 0.0721362009644508
1.13897001743317 0.0722846016287804
1.13971996307373 0.0724340975284576
1.14048004150391 0.0725843980908394
1.14124000072479 0.0727358013391495
1.142009973526 0.0728880986571312
1.14277994632721 0.0730414018034935
1.14355003833771 0.0731957033276558
1.14433002471924 0.0733510032296181
1.14512002468109 0.0735073015093803
1.14591002464294 0.0736645981669426
1.14671003818512 0.0738229975104332
1.14751005172729 0.0739824026823044
1.1483199596405 0.074142798781395
1.149129986763 0.0743042975664139
1.14995002746582 0.0744668990373611
1.15076994895935 0.0746304988861084
1.15160000324249 0.074795201420784
1.15243995189667 0.0749609991908073
1.15328001976013 0.0751279965043068
1.15411996841431 0.0752959996461868
1.15497004985809 0.075465202331543
1.15583002567291 0.0756355002522469
1.15670001506805 0.0758069977164268
1.1575700044632 0.0759795978665352
1.15843999385834 0.0761533975601196
1.1593199968338 0.0763283967971802
1.16021001338959 0.0765046030282974
1.16110002994537 0.0766818970441818
1.16199994087219 0.0768605023622513
1.16290998458862 0.0770402997732162
1.16382002830505 0.0772214010357857
1.16473996639252 0.0774037018418312
1.16567003726959 0.0775872990489006
1.16659998893738 0.0777721032500267
1.16753995418549 0.0779583007097244
1.16848003864288 0.0781456977128983
1.16943001747131 0.0783345028758049
1.17039000988007 0.0785245001316071
1.17136001586914 0.0787158980965614
1.17233002185822 0.078908696770668
1.17331004142761 0.0791029036045074
1.17429995536804 0.0792983993887901
1.17528998851776 0.0794953033328056
1.1762900352478 0.0796936005353928
1.17729997634888 0.0798932984471321
1.17831003665924 0.080094501376152
1.17934000492096 0.0802970975637436
1.18036997318268 0.0805011987686157
1.18140995502472 0.0807067006826401
1.18245005607605 0.0809137970209122
1.18350005149841 0.0811223983764648
1.18456995487213 0.0813324972987175
1.18562996387482 0.0815441012382507
1.18671000003815 0.0817572996020317
1.1878000497818 0.0819720029830933
1.18888998031616 0.0821883976459503
1.18999004364014 0.082406297326088
1.19110000133514 0.0826259031891823
1.19221997261047 0.0828471034765244
1.1933399438858 0.0830700024962425
1.19447994232178 0.083294503390789
1.19561994075775 0.0835207030177116
1.19677996635437 0.0837486013770103
1.19793999195099 0.0839783027768135
1.19911003112793 0.0842097029089928
1.2002899646759 0.0844428986310959
1.20147001743317 0.0846778005361557
1.20266997814178 0.0849144980311394
1.20387995243073 0.0851531028747559
1.20510005950928 0.0853935033082962
1.20632004737854 0.0856358036398888
1.20755994319916 0.0858798995614052
1.20879995822906 0.0861259996891022
1.21006000041962 0.0863739028573036
1.21132004261017 0.086623802781105
1.21259999275208 0.0868756994605064
1.21387994289398 0.0871295034885406
1.21518003940582 0.0873854011297226
1.2164900302887 0.0876433029770851
1.21780002117157 0.0879032015800476
1.21913003921509 0.0881652012467384
1.22046995162964 0.0884293019771576
1.2218199968338 0.0886954963207245
1.22318005561829 0.0889639034867287
1.2245500087738 0.0892343968153
1.22592997550964 0.0895071029663086
1.22731995582581 0.0897820964455605
1.22872996330261 0.0900593027472496
1.23014998435974 0.0903386995196342
1.23158001899719 0.0906205028295517
1.23301994800568 0.0909044966101646
1.23447000980377 0.0911908969283104
1.2359299659729 0.0914796963334084
1.23740994930267 0.0917709022760391
1.23889994621277 0.0920644998550415
1.24039995670319 0.0923606008291245
1.24191999435425 0.0926591977477074
1.24345004558563 0.0929602980613708
1.24498999118805 0.0932639017701149
1.24653995037079 0.0935700982809067
1.24811005592346 0.0938789024949074
1.24969005584717 0.0941902995109558
1.25128996372223 0.0945044010877609
1.2529000043869 0.0948212966322899
1.2545200586319 0.0951407998800278
1.25616002082825 0.0954630970954895
1.25780999660492 0.0957882031798363
1.25947999954224 0.0961162000894547
1.26116001605988 0.0964469984173775
1.26285994052887 0.0967807024717331
1.26456999778748 0.0971174016594887
1.26629996299744 0.0974569991230965
1.26803994178772 0.0977997034788132
1.26979994773865 0.0981452986598015
1.2715699672699 0.0984940975904465
1.27336001396179 0.0988460034132004
1.27516996860504 0.0992010980844498
1.2769900560379 0.0995593965053558
1.27883005142212 0.0999208986759186
1.28068995475769 0.10028599947691
1.2825700044632 0.100653998553753
1.28445994853973 0.101025000214577
1.28637003898621 0.101400002837181
1.28829002380371 0.101778998970985
1.29024004936218 0.10215999931097
1.29219996929169 0.102545998990536
1.29419004917145 0.102935001254082
1.29619002342224 0.103327997028828
1.29821002483368 0.103724002838135
1.30025005340576 0.104124002158642
1.3023099899292 0.104528002440929
1.30438005924225 0.104934997856617
1.30648005008698 0.105347000062466
1.30859994888306 0.105763003230095
1.31073999404907 0.106182001531124
1.31289994716644 0.106605999171734
1.31508994102478 0.107032999396324
1.31728994846344 0.107464998960495
1.31951999664307 0.107900999486446
1.32176005840302 0.108341000974178
1.32403004169464 0.108786001801491
1.32632994651794 0.109235003590584
1.32863998413086 0.109687998890877
1.33097994327545 0.110146000981331
1.33334004878998 0.110607996582985
1.33572995662689 0.1110749989748
1.33814001083374 0.111547000706196
1.34057998657227 0.112023003399372
1.34303998947144 0.112504996359348
1.34552001953125 0.112990997731686
1.34802997112274 0.113481998443604
1.3505699634552 0.113977998495102
1.35313999652863 0.114478997886181
1.3557300567627 0.114986002445221
1.35835003852844 0.115497000515461
1.36099004745483 0.116013996303082
1.3636599779129 0.116536997258663
1.36636996269226 0.117064997553825
1.36909997463226 0.117597997188568
1.37186002731323 0.118137001991272
1.37465000152588 0.118680998682976
1.37747001647949 0.119231998920441
1.38031995296478 0.119787998497486
1.38320004940033 0.120351001620293
1.38610994815826 0.120918996632099
1.38906002044678 0.121492996811867
1.39203000068665 0.122074000537395
1.3950400352478 0.122661001980305
1.39809000492096 0.123254001140594
1.40117001533508 0.123853996396065
1.40427994728088 0.124459996819496
1.40742003917694 0.125073999166489
1.41059994697571 0.125694006681442
1.41382002830505 0.126320004463196
1.4170800447464 0.12695400416851
1.42036998271942 0.127595007419586
1.42369997501373 0.128242999315262
1.42706000804901 0.128898993134499
1.43046998977661 0.129561007022858
1.43391001224518 0.130232006311417
1.43739998340607 0.130909994244576
1.44091999530792 0.131595000624657
1.4444899559021 0.132289007306099
1.44809997081757 0.132991001009941
1.45175004005432 0.133699998259544
1.45544004440308 0.134417995810509
1.45917999744415 0.135144993662834
1.46296000480652 0.135879993438721
1.46678996086121 0.136622995138168
1.47065997123718 0.137374997138977
1.47458004951477 0.138136997818947
1.47854995727539 0.138907000422478
1.48256003856659 0.13968600332737
1.48661994934082 0.140475004911423
1.49073994159698 0.141273006796837
1.49489998817444 0.142079994082451
1.49910998344421 0.142897993326187
1.50337994098663 0.143724992871284
1.50768995285034 0.144562005996704
1.51206994056702 0.145410001277924
1.51648998260498 0.146267995238304
1.52096998691559 0.147136002779007
1.52550995349884 0.148015007376671
1.5300999879837 0.148904994130135
1.53474998474121 0.149805992841721
1.53945994377136 0.150718003511429
1.54422998428345 0.151640996336937
1.54905998706818 0.152575999498367
1.55394995212555 0.153522998094559
1.55889999866486 0.154480993747711
1.56392002105713 0.155450999736786
1.56900000572205 0.156433999538422
1.57413995265961 0.157428994774818
1.57934999465942 0.158436000347137
1.58463001251221 0.159455999732018
1.58996999263763 0.16049000620842
1.59538996219635 0.161535993218422
1.600870013237 0.162595003843307
1.60643005371094 0.163669005036354
1.61205005645752 0.164755001664162
1.61775004863739 0.165856003761292
1.62353003025055 0.166970998048782
1.62937998771667 0.168099999427795
1.63530004024506 0.169242992997169
1.64130997657776 0.170401006937027
1.64739000797272 0.171573996543884
1.65355002880096 0.172763004899025
1.6597900390625 0.173966005444527
1.66611003875732 0.175184994935989
1.67251002788544 0.176419004797935
1.67900002002716 0.177670001983643
1.6855800151825 0.178936004638672
1.6922299861908 0.180218994617462
1.69897997379303 0.181518003344536
1.70580995082855 0.18283399939537
1.71273994445801 0.184165999293327
1.71975004673004 0.185515999794006
1.7268500328064 0.186883002519608
1.73405003547668 0.18826699256897
1.74133002758026 0.189668998122215
1.74872004985809 0.191088005900383
1.75618994235992 0.192525997757912
1.76375997066498 0.193982005119324
1.77143001556396 0.195455998182297
1.7791999578476 0.196948006749153
1.78707003593445 0.19845899939537
1.79502999782562 0.199989005923271
1.80309998989105 0.201537996530533
1.81125998497009 0.203106001019478
1.81953001022339 0.204693004488945
1.82790005207062 0.206300005316734
1.83636999130249 0.207925006747246
1.84494996070862 0.209571003913879
1.85362994670868 0.211236000061035
1.862419962883 0.212920993566513
1.87130999565125 0.214625999331474
1.88031005859375 0.216351002454758
1.8894100189209 0.218096002936363
1.8986200094223 0.219861000776291
1.90794003009796 0.221645995974541
1.91735994815826 0.223452001810074
1.92690002918243 0.225277006626129
1.93654000759125 0.227123007178307
1.94629001617432 0.228990003466606
1.95614004135132 0.230875998735428
1.96610999107361 0.232783004641533
1.97617995738983 0.234709993004799
1.98635995388031 0.236658006906509
1.99664998054504 0.238625004887581
2.00704002380371 0.240612998604774
2.01753997802734 0.242621004581451
2.02815008163452 0.244648993015289
2.03886008262634 0.246695995330811
2.04967999458313 0.248763993382454
2.06061005592346 0.250851005315781
2.07164001464844 0.252957999706268
2.08277010917664 0.255084007978439
2.0940101146698 0.257229000329971
2.10534000396729 0.259393990039825
2.11678004264832 0.261577993631363
2.12831997871399 0.263779997825623
2.13996005058289 0.266000986099243
2.15170001983643 0.268240004777908
2.16353011131287 0.270498007535934
2.17546010017395 0.272772997617722
2.18748998641968 0.275067001581192
2.19960999488831 0.277377009391785
2.21181988716125 0.279706001281738
2.22412991523743 0.282050997018814
2.23652005195618 0.284413009881973
2.24901008605957 0.286790996789932
2.26157999038696 0.289186000823975
2.27423000335693 0.291597008705139
2.28696990013123 0.294023990631104
2.29979991912842 0.296465992927551
2.31270003318787 0.29892298579216
2.32569003105164 0.301394999027252
2.3387598991394 0.303882002830505
2.35190010070801 0.306383013725281
2.36511993408203 0.308898985385895
2.37841010093689 0.311428010463715
2.39177989959717 0.313969999551773
2.40522003173828 0.316525995731354
2.41872000694275 0.319094985723495
2.43230009078979 0.321676999330521
2.4459400177002 0.324270009994507
2.45965003967285 0.326876014471054
2.47341990470886 0.329493999481201
2.48726010322571 0.332123994827271
2.50114989280701 0.334764003753662
2.51511001586914 0.337415993213654
2.52911996841431 0.340077996253967
2.54319000244141 0.342750996351242
2.55732011795044 0.345434010028839
2.5715000629425 0.348127007484436
2.58573007583618 0.350829988718033
2.60000991821289 0.353542000055313
2.61435008049011 0.356263995170593
2.62873005867004 0.358994007110596
2.64316010475159 0.361732989549637
2.65763998031616 0.364481002092361
2.67215991020203 0.367237001657486
2.6867299079895 0.37000098824501
2.70133996009827 0.372772991657257
2.71599006652832 0.375551998615265
2.73067998886108 0.378338992595673
2.74540996551514 0.381132990121841
2.76017999649048 0.383933991193771
2.77499008178711 0.386741995811462
2.78982996940613 0.389557003974915
2.80470991134644 0.392378002405167
2.81962990760803 0.395204991102219
2.83456993103027 0.398037999868393
2.8495500087738 0.400878012180328
2.86455988883972 0.403723001480103
2.87961006164551 0.406572997570038
2.89468002319336 0.409429013729095
2.90978002548218 0.412290990352631
2.92491006851196 0.415156990289688
2.94006991386414 0.418029010295868
2.95525002479553 0.420904994010925
2.97045993804932 0.423786014318466
2.98569011688232 0.426670998334885
3.00095009803772 0.429560989141464
3.0162398815155 0.432455986738205
3.03153991699219 0.435353994369507
3.04686999320984 0.43825700879097
3.06223011016846 0.441163003444672
3.07760000228882 0.444072991609573
3.09298992156982 0.446987003087997
3.1084098815918 0.449905008077621
3.12384009361267 0.452825993299484
3.13929009437561 0.455751001834869
3.15475988388062 0.458678990602493
3.17024993896484 0.461609989404678
3.18576002120972 0.464543998241425
3.20128011703491 0.46748098731041
3.21682000160217 0.470421999692917
3.23237991333008 0.473365008831024
3.24795007705688 0.47631099820137
3.26354002952576 0.479259014129639
3.27913999557495 0.482210993766785
3.29475998878479 0.485163986682892
3.31038999557495 0.488121002912521
3.32604002952576 0.49107900261879
3.34169006347656 0.494040012359619
3.35240006446838 0.496064990758896
3.35954999923706 0.497415989637375
3.36431002616882 0.498317003250122
3.36749005317688 0.498917013406754
3.36960005760193 0.49931800365448
3.37102007865906 0.499585002660751
3.37195992469788 0.499763011932373
3.37258005142212 0.499880999326706
3.37290000915527 0.499940991401672
3.37320995330811 0.5
3.37320995330811 0.5
3.37352991104126 0.500059008598328
3.37384009361267 0.500118970870972
3.37446999549866 0.500236988067627
3.37541007995605 0.500415027141571
3.37682008743286 0.50068199634552
3.37894010543823 0.501083016395569
3.38211989402771 0.501684010028839
3.38688993453979 0.502586007118225
3.39404010772705 0.503938019275665
3.40477991104126 0.505967974662781
3.42050004005432 0.508939981460571
3.43622994422913 0.511914014816284
3.45197010040283 0.514890015125275
3.4677300453186 0.517867982387543
3.48348999023438 0.520847022533417
3.49925994873047 0.523828983306885
3.51504993438721 0.526812016963959
3.53083992004395 0.529796004295349
3.54663991928101 0.532782971858978
3.56245994567871 0.535771012306213
3.57827997207642 0.538760006427765
3.59411001205444 0.541751027107239
3.60994005203247 0.54474401473999
3.62579011917114 0.547738015651703
3.64164996147156 0.550732970237732
3.65751004219055 0.553730010986328
3.67337989807129 0.55672699213028
3.68926000595093 0.559727013111115
3.70514011383057 0.562726974487305
3.72102999687195 0.565729022026062
3.73692989349365 0.568732023239136
3.75284004211426 0.571735978126526
3.76874995231628 0.574741005897522
3.78467011451721 0.577746987342834
3.80059003829956 0.580754995346069
3.81651997566223 0.583763003349304
3.83245992660522 0.5867720246315
3.8484001159668 0.589783012866974
3.86435008049011 0.592794001102448
3.88031005859375 0.595806002616882
3.89627003669739 0.598819017410278
3.91223001480103 0.601833999156952
3.92820000648499 0.604848027229309
3.94418001174927 0.607864022254944
3.96016001701355 0.610880970954895
3.97614002227783 0.613897979259491
3.99213004112244 0.616916000843048
4.00812005996704 0.619934976100922
4.02411985397339 0.622955024242401
4.04013013839722 0.625975012779236
4.05612993240356 0.628997027873993
4.07215023040771 0.632018029689789
4.08816003799438 0.635040998458862
4.10417985916138 0.638064026832581
4.12020015716553 0.641088008880615
4.13622999191284 0.64411199092865
4.15225982666016 0.647136986255646
4.16830015182495 0.650162994861603
4.18432998657227 0.65318900346756
4.20037984848022 0.656216025352478
4.21642017364502 0.659242987632751
4.23247003555298 0.662271022796631
4.24851989746094 0.665298998355865
4.26457977294922 0.668327987194061
4.28063011169434 0.671357989311218
4.29668998718262 0.674387991428375
4.31275987625122 0.677417993545532
4.32882022857666 0.68044900894165
4.34489011764526 0.683480024337769
4.36097002029419 0.686511993408203
4.37703990936279 0.689544022083282
4.39311981201172 0.692577004432678
4.4092001914978 0.695609986782074
4.42528009414673 0.698643028736115
4.44137001037598 0.701677024364471
4.45745992660522 0.704711019992828
4.47354984283447 0.707746028900146
4.48964023590088 0.71078097820282
4.50574016571045 0.713815987110138
4.5218300819397 0.716852009296417
4.53793001174927 0.719887971878052
4.55402994155884 0.722923994064331
4.57013988494873 0.725961029529572
4.5862398147583 0.728998005390167
4.60235023498535 0.732034981250763
4.61846017837524 0.73507297039032
4.63457012176514 0.738111019134521
4.65069007873535 0.741149008274078
4.66680002212524 0.744188010692596
4.68291997909546 0.747227013111115
4.69903993606567 0.750266015529633
4.71515989303589 0.753305017948151
4.73128986358643 0.756344974040985
4.74740982055664 0.759384989738464
4.76353979110718 0.762425005435944
4.77966022491455 0.765465021133423
4.79579019546509 0.768505990505219
4.81192016601563 0.771547019481659
4.82806015014648 0.774587988853455
4.84419012069702 0.777629017829895
4.86033010482788 0.780671000480652
4.87646007537842 0.783712983131409
4.89260005950928 0.78675502538681
4.90874004364014 0.789797008037567
4.924880027771 0.792838990688324
4.94103002548218 0.795881986618042
4.95717000961304 0.79892498254776
4.97332000732422 0.801967978477478
4.98945999145508 0.805010974407196
5.00560998916626 0.808053970336914
5.02175998687744 0.811097979545593
5.03790998458862 0.814141988754272
5.0540599822998 0.817185997962952
5.07021999359131 0.820230007171631
5.08636999130249 0.82327401638031
5.10251998901367 0.826318025588989
5.11868000030518 0.829362988471985
5.13484001159668 0.832408010959625
5.15100002288818 0.835452973842621
5.16716003417969 0.838497996330261
5.18332004547119 0.841543018817902
5.1994800567627 0.844587981700897
5.2156400680542 0.847634017467499
5.2318000793457 0.850678980350494
5.24797010421753 0.853725016117096
5.26413011550903 0.856770992279053
5.28030014038086 0.859817028045654
5.29647016525269 0.862863004207611
5.31263017654419 0.865908980369568
5.32880020141602 0.868956029415131
5.34497022628784 0.872002005577087
5.36113977432251 0.875048995018005
5.37730979919434 0.878094971179962
5.39348983764648 0.881142020225525
5.40965986251831 0.884189009666443
5.42582988739014 0.887235999107361
5.44200992584229 0.890282988548279
5.45817995071411 0.893330991268158
5.47435998916626 0.896377980709076
5.49054002761841 0.899425029754639
5.50671005249023 0.902472972869873
5.52289009094238 0.905520975589752
5.53907012939453 0.908568024635315
5.55525016784668 0.911616027355194
5.57143020629883 0.914663970470428
5.58760976791382 0.917711973190308
5.60378980636597 0.920759975910187
5.61997985839844 0.923807978630066
5.63615989685059 0.926856994628906
5.65233993530273 0.929904997348785
5.66852998733521 0.932954013347626
5.68471002578735 0.936002016067505
5.70090007781982 0.9390509724617
5.71708011627197 0.94209897518158
5.73327016830444 0.94514799118042
5.74946022033691 0.94819700717926
5.76564979553223 0.951246023178101
5.78182983398438 0.954294979572296
5.79801988601685 0.957343995571136
5.81420993804932 0.960393011569977
5.83039999008179 0.963442027568817
5.84659004211426 0.966490983963013
5.86278009414673 0.969541013240814
5.8789701461792 0.972590029239655
5.89517021179199 0.97563898563385
5.9113597869873 0.978689014911652
5.92754983901978 0.981737971305847
5.94374990463257 0.984788000583649
5.95993995666504 0.987837970256805
5.97613000869751 0.990886986255646
5.9923300743103 0.993937015533447
6.00852012634277 0.996986985206604
