2.64610004425049 0.326352000236511
2.64615988731384 0.326391011476517
2.6462299823761 0.326431006193161
2.64629006385803 0.326469987630844
2.64634990692139 0.32650899887085
2.64640998840332 0.326548993587494
2.64647006988525 0.326588004827499
2.64653992652893 0.326627999544144
2.64660000801086 0.326667994260788
2.6466600894928 0.326707988977432
2.64672994613647 0.326747000217438
2.64679002761841 0.326786994934082
2.64685010910034 0.326826989650726
2.64691996574402 0.326867014169693
2.64698004722595 0.326907008886337
2.64703989028931 0.32694798707962
2.64710998535156 0.326988011598587
2.6471700668335 0.327028006315231
2.64722990989685 0.327069014310837
2.64730000495911 0.327109009027481
2.64736008644104 0.327149987220764
2.64742994308472 0.327190011739731
2.64749002456665 0.327230989933014
2.64755988121033 0.327271997928619
2.64761996269226 0.327313005924225
2.64769005775452 0.32735401391983
2.64774990081787 0.327394992113113
2.6478099822998 0.327436000108719
2.64788007736206 0.327477008104324
2.64794993400574 0.327517986297607
2.64801001548767 0.327560007572174
2.64808011054993 0.327600985765457
2.64813995361328 0.327643007040024
2.64821004867554 0.327683985233307
2.64826989173889 0.327726006507874
2.64833998680115 0.327767014503479
2.6484100818634 0.327809005975723
2.64846992492676 0.327850997447968
2.64854001998901 0.327892988920212
2.64860010147095 0.327935010194778
2.64866995811462 0.327977001667023
2.64874005317688 0.328018993139267
2.64879989624023 0.328061997890472
2.64886999130249 0.328103989362717
2.64894008636475 0.328146010637283
2.6489999294281 0.328188985586166
2.64907002449036 0.328231006860733
2.64913988113403 0.328274011611938
2.64920997619629 0.328316986560822
2.64927005767822 0.328359007835388
2.6493399143219 0.328402012586594
2.64941000938416 0.328444987535477
2.64948010444641 0.328487992286682
2.64954996109009 0.328530997037888
2.64961004257202 0.328574985265732
2.6496798992157 0.328617990016937
2.64974999427795 0.328660994768143
2.64982008934021 0.328705012798309
2.64988994598389 0.328747987747192
2.64996004104614 0.328792005777359
2.65002989768982 0.328835994005203
2.65009999275208 0.328878998756409
2.65017008781433 0.328922986984253
2.65022993087769 0.32896700501442
2.65030002593994 0.329010993242264
2.65036988258362 0.32905501127243
2.65043997764587 0.329098999500275
2.65051007270813 0.32914400100708
2.65057992935181 0.329187989234924
2.65065002441406 0.32923299074173
2.65071988105774 0.329277008771896
2.65078997612 0.329322010278702
2.65087008476257 0.329365998506546
2.65093994140625 0.329411000013351
2.65101003646851 0.329456001520157
2.65107989311218 0.329501003026962
2.65114998817444 0.329546004533768
2.65122008323669 0.329591006040573
2.65128993988037 0.329636007547379
2.65136003494263 0.329681992530823
2.6514298915863 0.329726994037628
2.65151000022888 0.329771995544434
2.65158009529114 0.3298180103302
2.65164995193481 0.329863995313644
2.65172004699707 0.32990899682045
2.65179991722107 0.329955011606216
2.65187001228333 0.330000996589661
2.65194010734558 0.330047011375427
2.65200996398926 0.330092996358871
2.65209007263184 0.330139011144638
2.65215992927551 0.330184996128082
2.65223002433777 0.330231994390488
2.65230989456177 0.330278009176254
2.65237998962402 0.33032500743866
2.65245008468628 0.330370992422104
2.65252995491028 0.330417990684509
2.65260004997253 0.330464988946915
2.65266990661621 0.33051198720932
2.65275001525879 0.330558001995087
2.65282011032104 0.330606013536453
2.65289998054504 0.330653011798859
2.6529700756073 0.330700010061264
2.6530499458313 0.330747008323669
2.65312004089355 0.330794990062714
2.65319991111755 0.330841988325119
2.65327000617981 0.330889999866486
2.65335011482239 0.330936998128891
2.65341997146606 0.330985009670258
2.65350008010864 0.331032991409302
2.65356993675232 0.331081002950668
2.6536500453949 0.331129014492035
2.65371990203857 0.331176996231079
2.65380001068115 0.331225007772446
2.65387988090515 0.331274002790451
2.65394997596741 0.331322014331818
2.65403008460999 0.331371009349823
2.65410995483398 0.331418991088867
2.65418004989624 0.331467986106873
2.65425992012024 0.3315170109272
2.65434002876282 0.331566005945206
2.65440988540649 0.331615000963211
2.65448999404907 0.331663995981216
2.65457010269165 0.331712990999222
2.65464997291565 0.331761986017227
2.65473008155823 0.331811994314194
2.6547999382019 0.331860989332199
2.65488004684448 0.331910997629166
2.65495991706848 0.331959992647171
2.65504002571106 0.332010000944138
2.65511989593506 0.332060009241104
2.65520000457764 0.332109987735748
2.65527009963989 0.332159996032715
2.65534996986389 0.332210004329681
2.65543007850647 0.332260012626648
2.65550994873047 0.332311004400253
2.65559005737305 0.33236101269722
2.65566992759705 0.332412004470825
2.65575003623962 0.332462012767792
2.65582990646362 0.332513004541397
2.6559100151062 0.332563996315002
2.6559898853302 0.332614988088608
2.65606999397278 0.332666009664536
2.65615010261536 0.332717001438141
2.65622997283936 0.332767993211746
2.65632009506226 0.332819998264313
2.65639996528625 0.332870990037918
2.65648007392883 0.332922995090485
2.65655994415283 0.332975000143051
2.65664005279541 0.333025991916656
2.65671992301941 0.333077996969223
2.65680003166199 0.33313000202179
2.65688991546631 0.333182007074356
2.65697002410889 0.333234012126923
2.65704989433289 0.333287000656128
2.65713000297546 0.333339005708694
2.65721988677979 0.3333919942379
2.65729999542236 0.333443999290466
2.65738010406494 0.333496987819672
2.65746998786926 0.333550006151199
2.65755009651184 0.333602994680405
2.65762996673584 0.333656013011932
2.65772008895874 0.333709001541138
2.65779995918274 0.333761990070343
2.65789008140564 0.333815008401871
2.65796995162964 0.333869010210037
2.65805006027222 0.333921998739243
2.65813994407654 0.333976000547409
2.65822005271912 0.334030002355576
2.65830993652344 0.334084004163742
2.65839004516602 0.334138005971909
2.65847992897034 0.334192007780075
2.65856003761292 0.334246009588242
2.65864992141724 0.334300011396408
2.65874004364014 0.334354996681213
2.65881991386414 0.33440899848938
2.65891003608704 0.334464013576508
2.65898990631104 0.334518998861313
2.65908002853394 0.334573000669479
2.65916991233826 0.334627985954285
2.65925002098083 0.334684014320374
2.65933990478516 0.334738999605179
2.65943002700806 0.334794014692307
2.65950989723206 0.334848999977112
2.65960001945496 0.334904998540878
2.65968990325928 0.334960997104645
2.65978002548218 0.335016012191772
2.6598699092865 0.335072010755539
2.65995001792908 0.335128009319305
2.6600399017334 0.335184007883072
2.6601300239563 0.335240989923477
2.66021990776062 0.335296988487244
2.66031002998352 0.33535298705101
2.66039991378784 0.335409998893738
2.66049003601074 0.335467010736465
2.66057991981506 0.335523992776871
2.66067004203796 0.335579991340637
2.66075992584229 0.335637003183365
2.66085004806519 0.335694998502731
2.66093993186951 0.335752010345459
2.66103005409241 0.335808992385864
2.66111993789673 0.335866987705231
2.66121006011963 0.335923999547958
2.66129994392395 0.335981994867325
2.66139006614685 0.336039990186691
2.66147994995117 0.336097985506058
2.66157007217407 0.336156010627747
2.66165995597839 0.336214005947113
2.66176009178162 0.336273014545441
2.66184997558594 0.336331009864807
2.66194009780884 0.336389988660812
2.66202998161316 0.336448013782501
2.66213011741638 0.336506992578506
2.6622200012207 0.336566001176834
2.66230988502502 0.336625009775162
2.66240000724792 0.336683988571167
2.66249990463257 0.336744010448456
2.66259002685547 0.336802989244461
2.66268992424011 0.33686301112175
2.66278004646301 0.336921989917755
2.66286993026733 0.336982011795044
2.66297006607056 0.33704200387001
2.66305994987488 0.337101995944977
2.6631600856781 0.337161988019943
2.66324996948242 0.337222993373871
2.66335010528564 0.337282985448837
2.66343998908997 0.337343990802765
2.66353988647461 0.337404996156693
2.66363000869751 0.337464988231659
2.66372990608215 0.337525993585587
2.66383004188538 0.337586998939514
2.6639199256897 0.337648987770081
2.66402006149292 0.337709993124008
2.66411995887756 0.337770998477936
2.66421008110046 0.337832987308502
2.66430997848511 0.337895005941391
2.66441011428833 0.337956994771957
2.66449999809265 0.338019013404846
2.66459989547729 0.338081002235413
2.66470003128052 0.338142991065979
2.66479992866516 0.338205009698868
2.66490006446838 0.338268011808395
2.66498994827271 0.338331013917923
2.66509008407593 0.338393002748489
2.66518998146057 0.338456004858017
2.66529011726379 0.338519006967545
2.66539001464844 0.338582009077072
2.66548991203308 0.338645994663239
2.6655900478363 0.338708996772766
2.66568994522095 0.338773012161255
2.66579008102417 0.338836997747421
2.66588997840881 0.338899999856949
2.66599011421204 0.338963985443115
2.66609001159668 0.339029014110565
2.66618990898132 0.339092999696732
2.66629004478455 0.339156985282898
2.66639995574951 0.339222013950348
2.66650009155273 0.339285999536514
2.66659998893738 0.339350998401642
2.66669988632202 0.339415997266769
2.66680002212524 0.339480996131897
2.66690993309021 0.339547008275986
2.66701006889343 0.339612007141113
2.66710996627808 0.339677006006241
2.66722011566162 0.339742988348007
2.66732001304626 0.339809000492096
2.66741991043091 0.339875012636185
2.66753005981445 0.339940994977951
2.6676299571991 0.34000700712204
2.66774010658264 0.340074002742767
2.66784000396729 0.340140014886856
2.66793990135193 0.340207010507584
2.66805005073547 0.340274006128311
2.66815996170044 0.340341001749039
2.66826009750366 0.340407997369766
2.66837000846863 0.340474992990494
2.66846990585327 0.340541988611221
2.66858005523682 0.34060999751091
2.66867995262146 0.340678006410599
2.668790102005 0.340745002031326
2.66890001296997 0.340813010931015
2.66900992393494 0.340880990028381
2.66911005973816 0.340950012207031
2.66921997070313 0.341017991304398
2.66932988166809 0.341087013483047
2.66944003105164 0.341154992580414
2.66953992843628 0.341224014759064
2.66965007781982 0.341293007135391
2.66975998878479 0.34136301279068
2.66986989974976 0.341432005167007
2.6699800491333 0.341500997543335
2.67008996009827 0.341571003198624
2.67020010948181 0.341641008853912
2.67031002044678 0.341711014509201
2.67041993141174 0.341780990362167
2.67053008079529 0.341850996017456
2.67063999176025 0.341921985149384
2.67074990272522 0.341991990804672
2.67086005210876 0.342063009738922
2.67096996307373 0.34213399887085
2.67108011245728 0.342204988002777
2.67120003700256 0.342276006937027
2.67130994796753 0.342346996068954
2.67142009735107 0.342418998479843
2.67153000831604 0.342489987611771
2.67163991928101 0.342561990022659
2.67176008224487 0.342633992433548
2.67186999320984 0.342705994844437
2.6719799041748 0.342779010534286
2.67210006713867 0.342851012945175
2.67220997810364 0.342923998832703
2.67232990264893 0.342997014522552
2.67244005203247 0.34307000041008
2.67255997657776 0.343142986297607
2.67266988754272 0.343216001987457
2.67279005050659 0.343290001153946
2.67289996147156 0.343362987041473
2.67301988601685 0.343436986207962
2.67313003540039 0.343510985374451
2.67324995994568 0.343585014343262
2.67336988449097 0.34365901350975
2.67348003387451 0.343733996152878
2.6735999584198 0.343807995319366
2.67371988296509 0.343883007764816
2.67384004592896 0.343957990407944
2.67394995689392 0.344033002853394
2.67406988143921 0.344107985496521
2.67419004440308 0.344184011220932
2.67430996894836 0.344260007143021
2.67442989349365 0.344334989786148
2.67455005645752 0.344410985708237
2.67466998100281 0.344487011432648
2.6747899055481 0.344563990831375
2.67491006851196 0.344639986753464
2.67502999305725 0.344716995954514
2.67514991760254 0.344794005155563
2.67527008056641 0.344871014356613
2.67539000511169 0.344947993755341
2.67550992965698 0.34502500295639
2.67563009262085 0.345102995634079
2.67575001716614 0.345180988311768
2.67587995529175 0.345259010791779
2.67600011825562 0.345337003469467
2.6761200428009 0.345414996147156
2.67623996734619 0.345492988824844
2.6763699054718 0.345571994781494
2.67649006843567 0.345651000738144
2.67660999298096 0.345730006694794
2.67673993110657 0.345809012651443
2.67686009407043 0.345887988805771
2.67699003219604 0.345968008041382
2.67710995674133 0.34604799747467
2.67723989486694 0.34612700343132
2.67736005783081 0.34620800614357
2.67748999595642 0.346287995576859
2.67760992050171 0.346368014812469
2.6777400970459 0.346448987722397
2.67787003517151 0.346529990434647
2.6779899597168 0.346610993146896
2.67811989784241 0.346691995859146
2.6782500743866 0.346772998571396
2.67838001251221 0.346855014562607
2.67850995063782 0.346937000751495
2.67863011360168 0.347018986940384
2.67876005172729 0.347101002931595
2.67888998985291 0.347182989120483
2.67901992797852 0.347265988588333
2.67915010452271 0.347348004579544
2.67928004264832 0.347431004047394
2.67940998077393 0.347514003515244
2.67953991889954 0.347597986459732
2.67967009544373 0.347680985927582
2.67980003356934 0.347764998674393
2.67992997169495 0.347849011421204
2.68006992340088 0.347932994365692
2.68020009994507 0.348017007112503
2.68033003807068 0.348102003335953
2.68045997619629 0.348185986280441
2.68059992790222 0.348271012306213
2.68073010444641 0.348356008529663
2.68086004257202 0.348441988229752
2.68099999427795 0.348527014255524
2.68112993240356 0.348612993955612
2.6812698841095 0.348699003458023
2.68140006065369 0.348785012960434
2.68154001235962 0.348870992660522
2.68166995048523 0.348957985639572
2.68180990219116 0.349043995141983
2.68194007873535 0.349130988121033
2.68208003044128 0.349218010902405
2.68221998214722 0.349305987358093
2.68234992027283 0.349393010139465
2.68249011039734 0.349480986595154
2.68263006210327 0.349568992853165
2.6827700138092 0.349656999111176
2.68289995193481 0.349745988845825
2.68303990364075 0.349833995103836
2.68318009376526 0.349923014640808
2.68332004547119 0.350012004375458
2.68345999717712 0.350100994110107
2.68359994888306 0.350190997123718
2.68373990058899 0.350279986858368
2.6838800907135 0.350369989871979
2.68402004241943 0.35045999288559
2.68415999412537 0.350551009178162
2.68430995941162 0.350641012191772
2.68444991111755 0.350731998682022
2.68459010124207 0.350822985172272
2.684730052948 0.350914001464844
2.68488001823425 0.351004987955093
2.68501996994019 0.351096987724304
2.68515992164612 0.351188987493515
2.68530988693237 0.351280987262726
2.68545007705688 0.351372987031937
2.68560004234314 0.351466000080109
2.68573999404907 0.351559013128281
2.68588995933533 0.35165199637413
2.68602991104126 0.351745009422302
2.68618011474609 0.351837992668152
2.68632006645203 0.351931989192963
2.68647003173828 0.352025985717773
2.68661999702454 0.352120012044907
2.68676996231079 0.352214008569717
2.68690991401672 0.352308988571167
2.68706011772156 0.3524030148983
2.68721008300781 0.352499008178711
2.68736004829407 0.352593988180161
2.68751001358032 0.352688997983932
2.68765997886658 0.352784991264343
2.68780994415283 0.352881014347076
2.68795990943909 0.352977007627487
2.68811011314392 0.353074014186859
2.68826007843018 0.35317000746727
2.68841004371643 0.353267014026642
2.68856000900269 0.353363990783691
2.68871998786926 0.353462010622025
2.68886995315552 0.353558987379074
2.68901991844177 0.353657007217407
2.68916988372803 0.353756010532379
2.68933010101318 0.35385400056839
2.68948006629944 0.353953003883362
2.68964004516602 0.354050993919373
2.68979001045227 0.354149997234344
2.68994998931885 0.354250013828278
2.6900999546051 0.354348987340927
2.69025993347168 0.35444900393486
2.69040989875793 0.354548990726471
2.69057011604309 0.354649990797043
2.69073009490967 0.354750007390976
2.69089007377625 0.354851007461548
2.6910400390625 0.35495200753212
2.69120001792908 0.35505399107933
2.69135999679565 0.355154991149902
2.69151997566223 0.355257004499435
2.69167995452881 0.355358988046646
2.69183993339539 0.35546201467514
2.69199991226196 0.355563998222351
2.69215989112854 0.355666995048523
2.6923201084137 0.355769991874695
2.69248008728027 0.355874001979828
2.69264006614685 0.355976998806
2.69281005859375 0.356081008911133
2.69297003746033 0.356186002492905
2.6931300163269 0.356290012598038
2.69328999519348 0.35639500617981
2.69345998764038 0.356499999761581
2.69361996650696 0.356604993343353
2.69378995895386 0.356711000204086
2.69394993782043 0.356815993785858
2.69411993026733 0.356923013925552
2.69427990913391 0.357028990983963
2.69444990158081 0.357134997844696
2.69461989402771 0.357241988182068
2.69478011131287 0.357349991798401
2.69495010375977 0.357457011938095
2.69512009620667 0.357564985752106
2.69529008865356 0.357672989368439
2.69546008110046 0.357780992984772
2.69563007354736 0.357888996601105
2.69580006599426 0.357998013496399
2.69597005844116 0.358107000589371
2.69614005088806 0.358217000961304
2.69631004333496 0.358325988054276
2.69648003578186 0.358435988426208
2.69665002822876 0.358547002077103
2.69682002067566 0.358657002449036
2.69700002670288 0.358767986297607
2.69717001914978 0.358878999948502
2.69734001159668 0.358990013599396
2.6975200176239 0.359102010726929
2.6976900100708 0.359214007854462
2.69787001609802 0.359326004981995
2.69804000854492 0.359438985586166
2.69822001457214 0.359551995992661
2.69839000701904 0.359665006399155
2.69857001304626 0.359777987003326
2.69875001907349 0.359892010688782
2.69892001152039 0.360006004571915
2.69910001754761 0.360119998455048
2.69928002357483 0.360235005617142
2.69946002960205 0.360350012779236
2.69964003562927 0.360464990139008
2.69982004165649 0.360581010580063
2.70000004768372 0.360695987939835
2.70018005371094 0.360812991857529
2.70036005973816 0.360929012298584
2.70054006576538 0.361045986413956
2.70073008537292 0.36116299033165
2.70091009140015 0.361279994249344
2.70109009742737 0.361398011445999
2.70128011703491 0.361515998840332
2.70145988464355 0.361633986234665
2.70163989067078 0.361752986907959
2.70182991027832 0.361871987581253
2.70201992988586 0.361990988254547
2.70219993591309 0.362109988927841
2.70238995552063 0.362230002880096
2.70256996154785 0.362349987030029
2.7027599811554 0.362471014261246
2.70295000076294 0.36259201169014
2.70314002037048 0.362713009119034
2.70333003997803 0.362834006547928
2.70352005958557 0.362955987453461
2.70371007919312 0.363077998161316
2.70390009880066 0.36320099234581
2.7040901184082 0.363323986530304
2.70427989959717 0.36344701051712
2.70446991920471 0.363570004701614
2.70466995239258 0.36369401216507
2.70485997200012 0.363817989826202
2.70504999160767 0.363941997289658
2.70525002479553 0.364066988229752
2.70544004440308 0.364192008972168
2.70564007759094 0.364318013191223
2.70583009719849 0.364443987607956
2.70602989196777 0.364569991827011
2.70621991157532 0.364695996046066
2.70641994476318 0.364823013544083
2.70661997795105 0.364950001239777
2.70682001113892 0.365078002214432
2.70702004432678 0.365206003189087
2.70721006393433 0.365334004163742
2.70741009712219 0.365462005138397
2.70760989189148 0.365590989589691
2.70781993865967 0.365720003843307
2.70801997184753 0.365850001573563
2.7082200050354 0.365979999303818
2.70842003822327 0.366109997034073
2.70862007141113 0.366241008043289
2.70883011817932 0.366371989250183
2.70902991294861 0.366503000259399
2.7092399597168 0.366634994745255
2.70943999290466 0.36676698923111
2.70965003967285 0.366899996995926
2.70985007286072 0.367033004760742
2.71005988121033 0.367166012525558
2.71026992797852 0.367300003767014
2.7104799747467 0.36743301153183
2.71069002151489 0.367567986249924
2.71089005470276 0.367702007293701
2.71110010147095 0.367837995290756
2.71130990982056 0.367972999811172
2.71152997016907 0.368108987808228
2.71174001693726 0.368245005607605
2.71195006370544 0.368382006883621
2.71216011047363 0.368519008159637
2.71236991882324 0.368656009435654
2.71258997917175 0.368793994188309
2.71280002593994 0.368932008743286
2.71302008628845 0.369069993495941
2.71322989463806 0.369208991527557
2.71344995498657 0.369347989559174
2.71367001533508 0.369488000869751
2.71388006210327 0.369628012180328
2.7140998840332 0.369769006967545
2.71431994438171 0.3699089884758
2.71454000473022 0.370050996541977
2.71476006507874 0.370191991329193
2.71497988700867 0.37033399939537
2.71519994735718 0.370476990938187
2.71542000770569 0.370620012283325
2.7156400680542 0.370763003826141
2.71586990356445 0.370907008647919
2.71608996391296 0.371051013469696
2.71631002426147 0.371194988489151
2.71654009819031 0.37134000658989
2.71675992012024 0.371484994888306
2.71698999404907 0.371630996465683
2.71722006797791 0.37177699804306
2.71743988990784 0.371924012899399
2.71766996383667 0.372070997953415
2.7179000377655 0.372218012809753
2.71813011169434 0.372366011142731
2.71835994720459 0.372514009475708
2.71859002113342 0.372662991285324
2.71882009506226 0.372812002897263
2.71904993057251 0.372961014509201
2.71928000450134 0.373111009597778
2.7195200920105 0.373261988162994
2.71974992752075 0.373412013053894
2.71998000144958 0.373564004898071
2.72022008895874 0.37371501326561
2.72044992446899 0.373867988586426
2.72069001197815 0.374020010232925
2.7209300994873 0.374172985553741
2.72115993499756 0.374327003955841
2.72140002250671 0.374480009078979
2.72164011001587 0.374635010957718
2.72187995910645 0.374790012836456
2.7221200466156 0.374945014715195
2.72235989570618 0.375101000070572
2.72259998321533 0.375256985425949
2.72285008430481 0.375413000583649
2.72308993339539 0.375569999217987
2.72333002090454 0.375728011131287
2.72357988357544 0.375885993242264
2.72381997108459 0.376044005155563
2.72407007217407 0.376203000545502
2.72430992126465 0.376363009214401
2.72456002235413 0.37652200460434
2.72480988502502 0.376682996749878
2.7250599861145 0.376843988895416
2.72531008720398 0.377005010843277
2.72555994987488 0.377166986465454
2.72581005096436 0.377328991889954
2.72605991363525 0.377490997314453
2.72631001472473 0.377654999494553
2.72656989097595 0.377817988395691
2.72681999206543 0.37798199057579
2.72707009315491 0.378147006034851
2.72732996940613 0.378311991691589
2.72759008407593 0.378477990627289
2.72783994674683 0.378643989562988
2.72810006141663 0.378811001777649
2.72835993766785 0.37897801399231
2.72862005233765 0.379144996404648
2.72887992858887 0.379312992095947
2.72914004325867 0.379482001066208
2.72939991950989 0.379651010036469
2.72966003417969 0.379821002483368
2.72991991043091 0.379990994930267
2.73019003868103 0.380162000656128
2.73044991493225 0.380333006381989
2.73072004318237 0.380504995584488
2.73097991943359 0.38067701458931
2.73125004768372 0.380849987268448
2.73151993751526 0.381022989749908
2.73178005218506 0.38119700551033
2.7320499420166 0.38137099146843
2.73232007026672 0.38154599070549
2.73258996009827 0.381720989942551
2.73287010192871 0.381897002458572
2.73313999176025 0.382072985172272
2.7334098815918 0.382250010967255
2.73369002342224 0.382427990436554
2.73395991325378 0.382605999708176
2.73424005508423 0.382784992456436
2.73450994491577 0.382963985204697
2.73479008674622 0.38314300775528
2.73506999015808 0.38332399725914
2.73534989356995 0.383504986763
2.73563003540039 0.383686006069183
2.73590993881226 0.383868008852005
2.7361900806427 0.384050011634827
2.73646998405457 0.384232997894287
2.73674988746643 0.384416997432709
2.7370400428772 0.38460099697113
2.73731994628906 0.384786009788513
2.73761010169983 0.384970992803574
2.73789000511169 0.385156989097595
2.73817992210388 0.385343998670578
2.73847007751465 0.385531008243561
2.73875999450684 0.385717988014221
2.73904991149902 0.385906994342804
2.73934006690979 0.386096000671387
2.73962998390198 0.386285006999969
2.73991990089417 0.386474996805191
2.74022006988525 0.386665999889374
2.74050998687744 0.386857002973557
2.74080991744995 0.387048989534378
2.74110007286072 0.387241005897522
2.74140000343323 0.387434005737305
2.74169993400574 0.387627989053726
2.74200010299683 0.38782200217247
2.74230003356934 0.388016998767853
2.74259996414185 0.388211995363235
2.74289989471436 0.388408005237579
2.74320006370544 0.388604998588562
2.74351000785828 0.388801991939545
2.74380993843079 0.388999998569489
2.74411988258362 0.389198988676071
2.74442005157471 0.389398008584976
2.74472999572754 0.38959801197052
2.74503993988037 0.389797985553741
2.7453498840332 0.389999002218246
2.74566006660461 0.39020100235939
2.74597001075745 0.390403985977173
2.74627995491028 0.390606999397278
2.74659991264343 0.390810012817383
2.74691009521484 0.391014993190765
2.74722003936768 0.39122000336647
2.74753999710083 0.391425013542175
2.74785995483398 0.391631990671158
2.74817991256714 0.391838997602463
2.74850010871887 0.392046988010406
2.74882006645203 0.392255008220673
2.74914002418518 0.392464011907578
2.74945998191833 0.392673999071121
2.74977993965149 0.392883986234665
2.75010991096497 0.39309498667717
2.7504301071167 0.393307000398636
2.75076007843018 0.393519014120102
2.75108003616333 0.393732011318207
2.75141000747681 0.39394599199295
2.75173997879028 0.394160985946655
2.75206995010376 0.394376009702682
2.75239992141724 0.394591987133026
2.75273990631104 0.394809007644653
2.75307011604309 0.395025998353958
2.75341010093689 0.395244002342224
2.75374007225037 0.395462989807129
2.75408005714417 0.395682007074356
2.75442004203796 0.395902991294861
2.75475001335144 0.396124005317688
2.75508999824524 0.396344989538193
2.75543999671936 0.39656800031662
2.75577998161316 0.396791011095047
2.75611996650696 0.397015005350113
2.75646996498108 0.39724001288414
2.75680994987488 0.397464990615845
2.757159948349 0.397691011428833
2.75750994682312 0.397917985916138
2.75785994529724 0.398146003484726
2.75820994377136 0.398373991250992
2.75855994224548 0.398602992296219
2.7589099407196 0.398833006620407
2.75925993919373 0.399064004421234
2.75961995124817 0.399295002222061
2.75996994972229 0.399527996778488
2.76032996177673 0.399760991334915
2.76068997383118 0.399994999170303
2.76104998588562 0.400229007005692
2.76140999794006 0.40046501159668
2.76177000999451 0.400700986385345
2.76213002204895 0.400938004255295
2.76250004768372 0.401176005601883
2.76286005973816 0.40141499042511
2.76323008537292 0.401654005050659
2.76360011100769 0.401894003152847
2.76396989822388 0.402135014533997
2.76433992385864 0.402377009391785
2.76470994949341 0.402619987726212
2.76507997512817 0.402864009141922
2.76545000076294 0.40310800075531
2.76583003997803 0.403353005647659
2.76620006561279 0.403598994016647
2.76658010482788 0.403845995664597
2.76695990562439 0.404094010591507
2.76733994483948 0.404343008995056
2.76771998405457 0.404592007398605
2.76811003684998 0.404843002557755
2.76849007606506 0.405093997716904
2.76887011528015 0.405346006155014
2.76925992965698 0.405598998069763
2.76964998245239 0.405853003263474
2.7700400352478 0.406107008457184
2.77043008804321 0.406363010406494
2.77081990242004 0.406619012355804
2.77120995521545 0.406877011060715
2.77161002159119 0.407135009765625
2.7720000743866 0.407393991947174
2.77239990234375 0.407653987407684
2.77279996871948 0.407916009426117
2.77320003509521 0.408176988363266
2.77360010147095 0.408439993858337
2.7739999294281 0.40870401263237
2.77441000938416 0.408969014883041
2.77481007575989 0.40923398733139
2.77521991729736 0.409500986337662
2.77562999725342 0.409768998622894
2.77604007720947 0.410037010908127
2.77644991874695 0.410306006669998
2.776859998703 0.410576999187469
2.77727007865906 0.410847991704941
2.77768993377686 0.411121010780334
2.77811002731323 0.411394000053406
2.77852010726929 0.411668002605438
2.77893996238708 0.411942988634109
2.77936005592346 0.412220001220703
2.77978992462158 0.412497013807297
2.78021001815796 0.412775009870529
2.78063988685608 0.4130539894104
2.78105998039246 0.413334012031555
2.78149008750916 0.413616001605988
2.78191995620728 0.41389799118042
2.78235006332397 0.414180994033813
2.78278994560242 0.414465010166168
2.78322005271912 0.414750993251801
2.78365993499756 0.415037006139755
2.78409004211426 0.415324002504349
2.7845299243927 0.415612995624542
2.78497004508972 0.415901988744736
2.78540992736816 0.416193008422852
2.78586006164551 0.416483998298645
2.78629994392395 0.416777014732361
2.78675007820129 0.417071014642715
2.78719997406006 0.417365998029709
2.7876501083374 0.417661994695663
2.78810000419617 0.417959004640579
2.78854990005493 0.418256998062134
2.7890100479126 0.41855600476265
2.78945994377136 0.418855994939804
2.78992009162903 0.41915699839592
2.79038000106812 0.419459998607635
2.7908399105072 0.419764012098312
2.79131007194519 0.420067995786667
2.79176998138428 0.420374006032944
2.79223990440369 0.420680999755859
2.79271006584167 0.420989006757736
2.79317998886108 0.421299010515213
2.79364991188049 0.42160901427269
2.79412007331848 0.421921014785767
2.79458999633789 0.422233998775482
2.79506993293762 0.42254701256752
2.79555010795593 0.422863006591797
2.79603004455566 0.423179000616074
2.7965099811554 0.423496007919312
2.79698991775513 0.423815011978149
2.79748010635376 0.424134999513626
2.79797005653381 0.424456000328064
2.79846000671387 0.424778997898102
2.79894995689392 0.42510199546814
2.79943990707397 0.425426989793777
2.79993009567261 0.425752997398376
2.80043005943298 0.426079988479614
2.80093002319336 0.426409006118774
2.80142998695374 0.426737993955612
2.80192995071411 0.427069008350372
2.80242991447449 0.42740198969841
2.80293989181519 0.42773500084877
2.80344009399414 0.42807000875473
2.80395007133484 0.428406000137329
2.80446004867554 0.428743988275528
2.80498003959656 0.429082006216049
2.80549001693726 0.429421991109848
2.80601000785828 0.429764002561569
2.8065299987793 0.43010601401329
2.80704998970032 0.430449992418289
2.80756998062134 0.43079599738121
2.80808997154236 0.431142002344131
2.8086199760437 0.431490004062653
2.80914998054504 0.431840002536774
2.80967998504639 0.432190001010895
2.81020998954773 0.432543009519577
2.81073999404907 0.432895988225937
2.81128001213074 0.433250993490219
2.8118200302124 0.433607012033463
2.81236004829407 0.433964997529984
2.81290006637573 0.434323996305466
2.81345009803772 0.434684008359909
2.81399011611938 0.43504598736763
2.81453990936279 0.435409992933273
2.81508994102478 0.435773998498917
2.81563997268677 0.436141014099121
2.81620001792908 0.436507999897003
2.81676006317139 0.436877012252808
2.8173201084137 0.43724799156189
2.81787991523743 0.437620013952255
2.81843996047974 0.437994003295898
2.81901001930237 0.438369005918503
2.81957006454468 0.438744992017746
2.82013988494873 0.439123004674911
2.82071995735168 0.439503014087677
2.82129001617432 0.439884006977081
2.82187008857727 0.440266996622086
2.82244992256165 0.440650999546051
2.8230299949646 0.441036999225616
2.82361006736755 0.441424012184143
2.82419991493225 0.441812992095947
2.82479000091553 0.442202985286713
2.8253800868988 0.4425950050354
2.8259699344635 0.442988991737366
2.82656002044678 0.443383991718292
2.8271598815918 0.443780988454819
2.8277599811554 0.444180011749268
2.82836008071899 0.444579988718033
2.82896995544434 0.444981008768082
2.82957005500793 0.445385009050369
2.83017992973328 0.445789992809296
2.8307900428772 0.446197003126144
2.83140993118286 0.446604996919632
2.83202004432678 0.447014987468719
2.83263993263245 0.447427004575729
2.83327007293701 0.447840005159378
2.83388996124268 0.448255985975266
2.83452010154724 0.448673009872437
2.83513998985291 0.449090987443924
2.83577990531921 0.449512004852295
2.83641004562378 0.449934005737305
2.83704996109009 0.450358003377914
2.83769011497498 0.450783997774124
2.83833003044128 0.451211005449295
2.83896994590759 0.451640009880066
2.8396201133728 0.452071011066437
2.84027004241943 0.452504009008408
2.84091997146606 0.452939003705978
2.8415699005127 0.453375995159149
2.84223008155823 0.453813999891281
2.84289002418518 0.454254001379013
2.84354996681213 0.454697012901306
2.84421992301941 0.455141007900238
2.84489011764526 0.455585986375809
2.84556007385254 0.456034004688263
2.84623003005981 0.456483989953995
2.84690999984741 0.456936001777649
2.84758996963501 0.457388997077942
2.84826993942261 0.457845002412796
2.84894990921021 0.458301991224289
2.84963989257813 0.458761990070343
2.85033011436462 0.459223002195358
2.85103011131287 0.459686994552612
2.85172009468079 0.460152000188828
2.85242009162903 0.460619986057281
2.85312008857727 0.461088985204697
2.85383009910583 0.461560994386673
2.8545401096344 0.462033987045288
2.85524988174438 0.462509989738464
2.85595989227295 0.462987989187241
2.85667991638184 0.463467985391617
2.85739994049072 0.463950008153915
2.85811996459961 0.464433997869492
2.85885000228882 0.46492001414299
2.85958003997803 0.465407997369766
2.86031007766724 0.465898990631104
2.86104011535645 0.466390997171402
2.8617799282074 0.466886013746262
2.86251997947693 0.467382997274399
2.86327004432678 0.467882007360458
2.86401009559631 0.468383997678757
2.86476993560791 0.468888014554977
2.86552000045776 0.469392985105515
2.86628007888794 0.469902008771896
2.86703991889954 0.470411986112595
2.86779999732971 0.470925003290176
2.86857008934021 0.471439987421036
2.86933994293213 0.471956998109818
2.87011003494263 0.472476989030838
2.87088990211487 0.472999006509781
2.87167000770569 0.473522990942001
2.87245011329651 0.474049985408783
2.87323999404907 0.474579006433487
2.87403011322021 0.47511100769043
2.8748300075531 0.475645005702972
2.87561988830566 0.476181000471115
2.87642002105713 0.476720005273819
2.87722992897034 0.477261990308762
2.87804007530212 0.477806001901627
2.87884998321533 0.478352010250092
2.87965989112854 0.478900998830795
2.88048005104065 0.479452013969421
2.8813099861145 0.480006009340286
2.88212990760803 0.480562001466751
2.88296008110046 0.481121003627777
2.88379001617432 0.481682986021042
2.88462996482849 0.482246994972229
2.88546991348267 0.482814013957977
2.88632011413574 0.483384013175964
2.88717007637024 0.483956009149551
2.88802003860474 0.484530985355377
2.88887000083923 0.485107988119125
2.88972997665405 0.485689014196396
2.89059996604919 0.486272007226944
2.89145994186401 0.486856997013092
2.89233994483948 0.487446010112762
2.89320993423462 0.48803699016571
2.89408993721008 0.488631010055542
2.89496994018555 0.489228010177612
2.89585995674133 0.489827990531921
2.89674997329712 0.490429997444153
2.89765000343323 0.491035997867584
2.89855003356934 0.491643995046616
2.89945006370544 0.492255002260208
2.90036010742188 0.492870002985001
2.90126991271973 0.493487000465393
2.90218997001648 0.494107007980347
2.90311002731323 0.494729995727539
2.90403008460999 0.495355993509293
2.90495991706848 0.495985001325607
2.90588998794556 0.496616989374161
2.90683007240295 0.497253000736237
2.90776991844177 0.497891008853912
2.90872001647949 0.498531997203827
2.90949010848999 0.49905401468277
2.91000008583069 0.49940299987793
2.91034007072449 0.499635994434357
2.91056990623474 0.499792009592056
2.91072988510132 0.499895989894867
2.91079998016357 0.499947994947433
2.91084003448486 0.499974012374878
2.91086006164551 0.499987006187439
2.91088008880615 0.5
2.91088008880615 0.5
2.9109001159668 0.500012993812561
2.91091990470886 0.500025987625122
2.91095995903015 0.500051975250244
2.91103005409241 0.500104010105133
2.91119003295898 0.500208020210266
2.91142010688782 0.500365018844604
2.91176009178162 0.500599026679993
2.91228008270264 0.500953018665314
2.9130699634552 0.501483976840973
2.91404008865356 0.502143025398254
2.91500997543335 0.50280499458313
2.91599011421204 0.50347101688385
2.91698002815247 0.504140019416809
2.9179699420929 0.504812002182007
2.9189600944519 0.505487978458405
2.91996002197266 0.506165981292725
2.92095994949341 0.506848990917206
2.92196989059448 0.507534027099609
2.92298007011414 0.508222997188568
2.92400002479553 0.508916020393372
2.92501997947693 0.509612023830414
2.92604994773865 0.510312020778656
2.92707991600037 0.511014997959137
2.92811989784241 0.511721014976501
2.92916011810303 0.512431025505066
2.93021011352539 0.51314502954483
2.93126010894775 0.513863027095795
2.93232011795044 0.514584004878998
2.93337988853455 0.515308022499084
2.93444991111755 0.516036987304688
2.93551993370056 0.516768991947174
2.93659996986389 0.517504990100861
2.93768000602722 0.518244028091431
2.93877005577087 0.518988013267517
2.93987011909485 0.519734978675842
2.94095993041992 0.520485997200012
2.94207000732422 0.521242022514343
2.94318008422852 0.522001028060913
2.94429993629456 0.522763013839722
2.94542002677917 0.523530006408691
2.94654011726379 0.524300992488861
2.94767999649048 0.525075972080231
2.94881010055542 0.525855004787445
2.94995999336243 0.526637971401215
2.95110988616943 0.527424991130829
2.95226001739502 0.528217017650604
2.95341992378235 0.529012024402618
2.95459008216858 0.529811978340149
2.95576000213623 0.530615985393524
2.9569399356842 0.531423985958099
2.95812010765076 0.532236993312836
2.95931005477905 0.533053994178772
2.96051001548767 0.533874988555908
2.96170997619629 0.534700989723206
2.96291995048523 0.535530984401703
2.96413993835449 0.5363649725914
2.96535992622375 0.537204027175903
2.96657991409302 0.538048028945923
2.96781992912292 0.538896024227142
2.96905994415283 0.539748013019562
2.97029995918274 0.540606021881104
2.97154998779297 0.541468024253845
2.97281002998352 0.542334020137787
2.97408008575439 0.543205976486206
2.97534990310669 0.54408198595047
2.97662997245789 0.544963002204895
2.97791004180908 0.545849025249481
2.97920989990234 0.546738982200623
2.98049998283386 0.547635018825531
2.98181009292603 0.548536002635956
2.98311996459961 0.549440979957581
2.98444008827209 0.550351977348328
2.98576998710632 0.551267027854919
2.98709988594055 0.552187979221344
2.98844003677368 0.553113996982574
2.98978996276855 0.554045021533966
2.99113988876343 0.554982006549835
2.9925000667572 0.555922985076904
2.99387001991272 0.556869983673096
2.99524998664856 0.557821989059448
2.9966299533844 0.558780014514923
2.99801993370056 0.559742987155914
2.99941992759705 0.560711026191711
3.00082993507385 0.561685025691986
3.00223994255066 0.562664985656738
3.00365996360779 0.563650012016296
3.00508999824524 0.564640998840332
3.00652003288269 0.56563800573349
3.00797009468079 0.566640019416809
3.0094199180603 0.567647993564606
3.01087999343872 0.568661987781525
3.01235008239746 0.569682002067566
3.01381993293762 0.570707023143768
3.01531004905701 0.571739017963409
3.01679992675781 0.572776973247528
3.01830005645752 0.573819994926453
3.01980996131897 0.574869990348816
3.02133011817932 0.575926005840302
3.02285003662109 0.576987981796265
3.02437996864319 0.578056991100311
3.02592992782593 0.57913202047348
3.02747988700867 0.580213010311127
3.02904009819031 0.581300020217896
3.03061008453369 0.582395017147064
3.03218007087708 0.583495020866394
3.0337700843811 0.584601998329163
3.03536009788513 0.585716009140015
3.03696990013123 0.586836993694305
3.0385799407959 0.587963998317719
3.04019999504089 0.58909797668457
3.04183006286621 0.590238988399506
3.04346990585327 0.591386020183563
3.04512000083923 0.592540979385376
3.04678010940552 0.593702971935272
3.04844999313354 0.594871997833252
3.05012989044189 0.59604799747467
3.05182003974915 0.597230970859528
3.05351996421814 0.598421990871429
3.05521988868713 0.59961998462677
3.05694007873535 0.600825011730194
3.05867004394531 0.602037012577057
3.0604100227356 0.603258013725281
3.06215000152588 0.604484975337982
3.06391000747681 0.605720996856689
3.06568002700806 0.606963992118835
3.06746006011963 0.608214974403381
3.06925010681152 0.609474003314972
3.07104992866516 0.610740005970001
3.0728600025177 0.612015008926392
3.07468008995056 0.613297998905182
3.07650995254517 0.614588975906372
3.07835006713867 0.615887999534607
3.08020997047424 0.617195010185242
3.08207011222839 0.618511021137238
3.08395004272461 0.619835019111633
3.08582997322083 0.62116801738739
3.08772993087769 0.622509002685547
3.08963990211487 0.623858988285065
3.09155988693237 0.625217020511627
3.09349989891052 0.626583993434906
3.09543991088867 0.627960979938507
3.09739995002747 0.629346013069153
3.09937000274658 0.630739986896515
3.10135006904602 0.632143020629883
3.1033399105072 0.633556008338928
3.10535001754761 0.634977996349335
3.10735988616943 0.636408984661102
3.10939002037048 0.637848973274231
3.1114399433136 0.639299988746643
3.11349010467529 0.640758991241455
3.11556005477905 0.642229020595551
3.11764001846313 0.643707990646362
3.11972999572754 0.645196974277496
3.12184000015259 0.646695971488953
3.12396001815796 0.648205995559692
3.12609004974365 0.649725019931793
3.12824010848999 0.651255011558533
3.13039994239807 0.652795016765594
3.13257002830505 0.654345989227295
3.1347599029541 0.655906975269318
3.13696002960205 0.657477974891663
3.13917994499207 0.659061014652252
3.14141011238098 0.660654008388519
3.14365005493164 0.662258982658386
3.14591002464294 0.663873970508575
3.14818000793457 0.665500998497009
3.15047001838684 0.667138993740082
3.15277004241943 0.668788015842438
3.15509009361267 0.670449018478394
3.15741991996765 0.672120988368988
3.15977001190186 0.673804998397827
3.16213989257813 0.675500988960266
3.16451001167297 0.67720901966095
3.16690993309021 0.678928971290588
3.16932010650635 0.680661022663116
3.17174005508423 0.682406008243561
3.17419004440308 0.684162020683289
3.17664003372192 0.685931980609894
3.17912006378174 0.687713980674744
3.18161010742188 0.689508974552155
3.18411993980408 0.691317021846771
3.18664002418518 0.693138003349304
3.18917989730835 0.694971978664398
3.19174003601074 0.696819007396698
3.1943199634552 0.698679983615875
3.19690990447998 0.700555026531219
3.19952011108398 0.70244300365448
3.20215010643005 0.704344987869263
3.20479989051819 0.706260979175568
3.20745992660522 0.708191990852356
3.21015000343323 0.710135996341705
3.21285009384155 0.712095022201538
3.21556997299194 0.714069008827209
3.21831011772156 0.716057002544403
3.22107005119324 0.71806001663208
3.22383999824524 0.720079004764557
3.22663998603821 0.722111999988556
3.22946000099182 0.724161028862
3.23229002952576 0.726225972175598
3.23515009880066 0.728305995464325
3.23802995681763 0.730401992797852
3.2409200668335 0.732514023780823
3.24383997917175 0.734642028808594
3.24677991867065 0.736787021160126
3.2497398853302 0.738947987556458
3.25272011756897 0.741126000881195
3.25571990013123 0.743319988250732
3.25873994827271 0.745531976222992
3.26178002357483 0.747761011123657
3.26484990119934 0.7500079870224
3.26794004440308 0.752272009849548
3.27104997634888 0.754553973674774
3.27418994903564 0.756853997707367
3.27733993530273 0.759172022342682
3.28051996231079 0.761509001255035
3.28373003005981 0.763864994049072
3.28695011138916 0.766238987445831
3.29019999504089 0.768631994724274
3.29347991943359 0.771045029163361
3.29678010940552 0.773477017879486
3.30010008811951 0.775928020477295
3.30345010757446 0.778400003910065
3.30681991577148 0.780892014503479
3.31022000312805 0.783403992652893
3.31364989280701 0.785935997962952
3.31710004806519 0.788489997386932
3.32058000564575 0.791064977645874
3.32407999038696 0.793660998344421
3.32761001586914 0.79627799987793
3.33117008209229 0.79891699552536
3.3347499370575 0.801578998565674
3.33837008476257 0.804261982440948
3.34201002120972 0.806968986988068
3.3456699848175 0.809697985649109
3.34937000274658 0.812449991703033
3.35310006141663 0.815225005149841
3.35684990882874 0.81802499294281
3.36064004898071 0.820847988128662
3.36444997787476 0.823695003986359
3.36828994750977 0.826566994190216
3.37216997146606 0.829464018344879
3.37608003616333 0.832385003566742
3.38000988960266 0.835331976413727
3.38398003578186 0.838304996490479
3.38797998428345 0.841304004192352
3.392009973526 0.844328999519348
3.39608001708984 0.847380995750427
3.40017008781433 0.85045999288559
3.40429997444153 0.853565990924835
3.40846991539001 0.856700003147125
3.41266989707947 0.85986202955246
3.41689991950989 0.863052010536194
3.4211699962616 0.866271018981934
3.42547011375427 0.869517982006073
3.42981004714966 0.87279599905014
3.43418002128601 0.876102983951569
3.43860006332397 0.879440009593964
3.443039894104 0.882807016372681
3.44753003120422 0.886205971240997
3.45204997062683 0.889635980129242
3.45660996437073 0.89309698343277
3.46121001243591 0.896591007709503
3.46585011482239 0.900116980075836
3.47053003311157 0.903676986694336
3.47525000572205 0.90726900100708
3.48001003265381 0.910896003246307
3.48481011390686 0.91455602645874
3.48965001106262 0.918251991271973
3.49452996253967 0.921981990337372
3.49945998191833 0.925749003887177
3.50443005561829 0.929551005363464
3.50943994522095 0.933390021324158
3.5144898891449 0.937265992164612
3.51959991455078 0.941178977489471
3.52473998069763 0.945131003856659
3.52993011474609 0.949120998382568
3.53517007827759 0.953149974346161
3.54046010971069 0.957219004631042
3.54578995704651 0.961328029632568
3.55117011070251 0.965478003025055
3.55660009384155 0.969668984413147
3.56207990646362 0.973901987075806
3.56761002540588 0.978177011013031
3.57317996025085 0.982495009899139
3.57880997657776 0.986856997013092
3.5845000743866 0.991262972354889
3.59022998809814 0.995714008808136
3.59601998329163 1.00021004676819
3.60186004638672 1.00475001335144
3.60774993896484 1.0093400478363
3.61370992660522 1.01398003101349
3.61970996856689 1.018669962883
3.62578010559082 1.02339994907379
3.63190007209778 1.0281800031662
3.63807988166809 1.03302001953125
3.64430999755859 1.0378999710083
3.65060997009277 1.04284000396729
3.65697002410889 1.04782998561859
3.66338992118835 1.05287003517151
3.66986989974976 1.05796003341675
3.67641997337341 1.06310999393463
3.68302989006042 1.06832003593445
3.68969988822937 1.07358002662659
3.69643998146057 1.07889997959137
3.70324993133545 1.08428001403809
3.71011996269226 1.08972001075745
3.71706008911133 1.09521996974945
3.72408008575439 1.10078001022339
3.73115992546082 1.10640001296997
3.73831009864807 1.1120799779892
3.74553990364075 1.11783003807068
3.75283002853394 1.12363994121552
3.76021003723145 1.12951004505157
3.76765990257263 1.13546001911163
3.77518010139465 1.14146995544434
3.78277993202209 1.14754998683929
3.79046988487244 1.15369999408722
3.79822993278503 1.15991997718811
3.80607008934021 1.16621005535126
3.81399011611938 1.1725800037384
3.82200002670288 1.17902004718781
3.83009004592896 1.18553996086121
3.83826994895935 1.19212996959686
3.84653997421265 1.19879996776581
3.85489010810852 1.20554995536804
3.86332988739014 1.21238994598389
3.87187004089355 1.21930003166199
3.88050007820129 1.22630000114441
3.88921999931335 1.23337996006012
3.89803004264832 1.24055004119873
3.90693998336792 1.24779999256134
3.91595005989075 1.25514996051788
3.92506003379822 1.262580037117
3.93427991867065 1.27011001110077
3.94358992576599 1.27772998809814
3.95301008224487 1.28544998168945
3.96252989768982 1.29325997829437
3.97216010093689 1.30116999149323
3.98189997673035 1.30918002128601
3.99175000190735 1.31729996204376
4.00171995162964 1.32551002502441
4.01179981231689 1.33384001255035
4.0219898223877 1.3422600030899
4.03229999542236 1.35080003738403
4.04273986816406 1.35944998264313
4.05328989028931 1.3682199716568
4.06397008895874 1.37709999084473
4.07476997375488 1.38609004020691
4.08570003509521 1.39520001411438
4.09675979614258 1.40444004535675
4.10796022415161 1.41380000114441
4.1192798614502 1.42328000068665
4.13075017929077 1.43289995193481
4.14235019683838 1.44263994693756
4.15408992767334 1.45252001285553
4.16597986221313 1.46253001689911
4.17800998687744 1.4726699590683
4.19018983840942 1.48295998573303
4.20251989364624 1.4933899641037
4.21500015258789 1.50397002696991
4.22764015197754 1.51469004154205
4.24042987823486 1.52557003498077
4.25338983535767 1.53659999370575
4.26651000976563 1.54778003692627
4.2797999382019 1.5591299533844
4.29325008392334 1.57062995433807
4.30687999725342 1.58230996131897
4.32068014144897 1.59414994716644
4.33466005325317 1.6061600446701
4.34882020950317 1.6183500289917
4.36316013336182 1.63071000576019
4.37768983840942 1.64326000213623
4.39240980148315 1.65600001811981
4.40732002258301 1.66892004013062
4.42243003845215 1.68202996253967
4.4377498626709 1.69534003734589
4.45325994491577 1.70885002613068
4.46897983551025 1.72256994247437
4.4849100112915 1.73649001121521
4.50106000900269 1.75063002109528
4.51741981506348 1.76497995853424
4.53400993347168 1.77954995632172
4.55081987380981 1.7943400144577
4.56787014007568 1.80937004089355
4.58514022827148 1.82463002204895
4.60265016555786 1.84011995792389
4.62040996551514 1.85585999488831
4.63841009140015 1.87184000015259
4.65666007995605 1.88808000087738
4.67516994476318 1.90457999706268
4.69393014907837 1.92132997512817
4.71295976638794 1.93835997581482
4.73225021362305 1.95564997196198
4.75182008743286 1.97323000431061
4.77166986465454 1.9910900592804
4.79179000854492 2.00922989845276
4.81221008300781 2.02766990661621
4.83291006088257 2.04641008377075
4.85390996932983 2.06545996665955
4.87520980834961 2.08482003211975
4.89682006835938 2.10449004173279
4.91873979568481 2.1244900226593
4.94097995758057 2.14481997489929
4.96353006362915 2.16547989845276
4.98642015457153 2.18649005889893
5.00963020324707 2.20783996582031
5.03318023681641 2.22954988479614
5.05707979202271 2.251620054245
5.08131980895996 2.27406001091003
5.10591983795166 2.29688000679016
5.13086986541748 2.32007002830505
5.15618991851807 2.34366011619568
5.1818699836731 2.36764001846313
5.20793008804321 2.39201998710632
5.23437023162842 2.41681003570557
5.26119995117188 2.44200992584229
5.28841018676758 2.4676399230957
5.31602001190186 2.49370002746582
5.34402990341187 2.52020001411438
5.37244987487793 2.54713010787964
5.40126991271973 2.57452011108398
5.4305100440979 2.60237002372742
5.46017980575562 2.63068008422852
5.49026012420654 2.65946006774902
5.52078008651733 2.68871998786926
5.55173015594482 2.71846008300781
5.58311986923218 2.74868988990784
5.61495018005371 2.77941989898682
5.64723014831543 2.81065988540649
5.67995977401733 2.84240007400513
5.71314001083374 2.8746600151062
5.74677991867065 2.9074399471283
5.78087997436523 2.94074010848999
5.8154501914978 2.97458004951477
5.85048007965088 3.00896000862122
5.88598012924194 3.04387998580933
5.92194986343384 3.0793399810791
5.95839023590088 3.11536002159119
5.99530982971191 3.15193009376526
6.0327000617981 3.18905997276306
