-0.00355501007288694 -1.50819003582001
0.0149061996489763 -1.49425005912781
0.0333647988736629 -1.48032999038696
0.0518205985426903 -1.46642005443573
0.0702736005187035 -1.45253002643585
0.0887235030531883 -1.43866002559662
0.10717000067234 -1.42480003833771
0.125613003969193 -1.41096997261047
0.144052997231483 -1.39715003967285
0.162488996982574 -1.38335001468658
0.180921003222466 -1.36956000328064
0.199349001049995 -1.35580003261566
0.217773005366325 -1.34204995632172
0.236192002892494 -1.32832002639771
0.254606008529663 -1.31461000442505
0.273016005754471 -1.30092000961304
0.291420996189117 -1.28725004196167
0.309819996356964 -1.27359998226166
0.32821398973465 -1.25996005535126
0.346601992845535 -1.24635004997253
0.364984005689621 -1.23275005817413
0.383359998464584 -1.21917998790741
0.401728987693787 -1.2056200504303
0.420091986656189 -1.19209003448486
0.438448011875153 -1.17857003211975
0.456797003746033 -1.16507995128632
0.475138008594513 -1.15160000324249
0.487361013889313 -1.14262998104095
0.49957999587059 -1.13366997241974
0.511795997619629 -1.12471997737885
0.524007976055145 -1.11577999591827
0.536216020584106 -1.1068400144577
0.548420011997223 -1.09791994094849
0.560621023178101 -1.08899998664856
0.572817027568817 -1.08010005950928
0.585008025169373 -1.07121002674103
0.597195982933044 -1.06231999397278
0.6093789935112 -1.05344998836517
0.621556997299194 -1.04457998275757
0.633731007575989 -1.03573000431061
0.645898997783661 -1.02689003944397
0.658062994480133 -1.01804995536804
0.670221984386444 -1.00923001766205
0.682375013828278 -1.00041997432709
0.694522976875305 -0.991618990898132
0.706664979457855 -0.982828974723816
0.718801975250244 -0.974048972129822
0.730933010578156 -0.965279996395111
0.743057012557983 -0.956523001194
0.75517600774765 -0.947776973247528
0.767288029193878 -0.939041972160339
0.779393970966339 -0.930319011211395
0.791492998600006 -0.92160701751709
0.80358499288559 -0.912907004356384
0.815669000148773 -0.904218971729279
0.827746987342834 -0.895542979240417
0.839816987514496 -0.886879026889801
0.851879000663757 -0.878228008747101
0.863933026790619 -0.869588971138
0.875979006290436 -0.860961973667145
0.888015985488892 -0.852348983287811
0.900044977664948 -0.843748986721039
0.912064015865326 -0.835161983966827
0.920072019100189 -0.829443991184235
0.928075015544891 -0.823732972145081
0.93607497215271 -0.818027973175049
0.944069027900696 -0.812328994274139
0.952059984207153 -0.806635975837708
0.960044980049133 -0.800949990749359
0.968025982379913 -0.795270025730133
0.976001977920532 -0.789596021175385
0.983973026275635 -0.783928990364075
0.991939008235931 -0.778267979621887
0.999899983406067 -0.772615015506744
1.00785994529724 -0.766966998577118
1.01581001281738 -0.761327028274536
1.02374994754791 -0.755693972110748
1.03169000148773 -0.750066995620728
1.03962004184723 -0.744448006153107
1.04754996299744 -0.738835990428925
1.05546998977661 -0.733231008052826
1.06339001655579 -0.727634012699127
1.07129001617432 -0.722043991088867
1.07920002937317 -0.716461002826691
1.08709001541138 -0.710887014865875
1.09498000144958 -0.705320000648499
1.10285997390747 -0.699760973453522
1.11073994636536 -0.69420999288559
1.11860001087189 -0.688666999340057
1.12645995616913 -0.683131992816925
1.13432002067566 -0.677605986595154
1.14216005802155 -0.672088980674744
1.14998996257782 -0.666580021381378
1.15781998634338 -0.661080002784729
1.16563999652863 -0.655588984489441
1.17344999313354 -0.650107026100159
1.18124997615814 -0.644634008407593
1.18903994560242 -0.639171004295349
1.19682002067566 -0.633718013763428
1.20459997653961 -0.628274023532867
1.21236002445221 -0.622839987277985
1.22011005878448 -0.617416024208069
1.22784996032715 -0.612003028392792
1.23557996749878 -0.606599986553192
1.24329996109009 -0.601207971572876
1.25100994110107 -0.595826983451843
1.25871002674103 -0.590456008911133
1.26638996601105 -0.585098028182983
1.27406001091003 -0.579751014709473
1.2817200422287 -0.574415028095245
1.28936004638672 -0.569091975688934
1.29700005054474 -0.563781023025513
1.30461001396179 -0.558481991291046
1.31221997737885 -0.553197026252747
1.31981003284454 -0.547923982143402
1.32737994194031 -0.542665004730225
1.33493995666504 -0.537419021129608
1.34247994422913 -0.53218799829483
1.35000002384186 -0.526970028877258
1.35750997066498 -0.521767020225525
1.36500000953674 -0.51657897233963
1.37248003482819 -0.511406004428864
1.37993001937866 -0.506249010562897
1.38736999034882 -0.501106977462769
1.39479005336761 -0.495981991291046
1.40217995643616 -0.490873008966446
1.40955996513367 -0.485781013965607
1.4169100522995 -0.480706006288528
1.42425000667572 -0.475648999214172
1.43156003952026 -0.470609992742538
1.43885004520416 -0.465590000152588
1.44611001014709 -0.460588008165359
1.45334994792938 -0.455605000257492
1.46056997776031 -0.450641989707947
1.46775996685028 -0.445699989795685
1.47492003440857 -0.440777003765106
1.48205995559692 -0.43587601184845
1.4891699552536 -0.430996000766754
1.4962500333786 -0.426138013601303
1.50329995155334 -0.421301990747452
1.51032996177673 -0.416489005088806
1.51732003688812 -0.411698997020721
1.52427995204926 -0.40693199634552
1.53121995925903 -0.402189999818802
1.53811001777649 -0.397471994161606
1.5449800491333 -0.392778992652893
1.55181002616882 -0.388112008571625
1.55860996246338 -0.383469998836517
1.56536996364594 -0.378854990005493
1.57210004329681 -0.374267011880875
1.57878994941711 -0.369704991579056
1.5854400396347 -0.365171998739243
1.59205996990204 -0.360666990280151
1.59862995147705 -0.356189996004105
1.60517001152039 -0.351741999387741
1.61167001724243 -0.347323000431061
1.61812996864319 -0.342934012413025
1.62453997135162 -0.338575005531311
1.63092005252838 -0.334246009588242
1.63724994659424 -0.329948991537094
1.64354002475739 -0.325682014226913
1.64978003501892 -0.321446001529694
1.65599000453949 -0.317243009805679
1.66214001178741 -0.313071012496948
1.66825997829437 -0.3089320063591
1.67432999610901 -0.304825007915497
1.68034994602203 -0.300749987363815
1.68632996082306 -0.296707987785339
1.69226002693176 -0.292699992656708
1.69814002513885 -0.288724005222321
1.70397996902466 -0.284781992435455
1.70976996421814 -0.280873000621796
1.71552002429962 -0.27699801325798
1.72121000289917 -0.273155987262726
1.72686004638672 -0.269347012042999
1.73247003555298 -0.265572011470795
1.7380199432373 -0.261830985546112
1.74353003501892 -0.258121997117996
1.74899005889893 -0.254447996616364
1.75441002845764 -0.250806003808975
1.75978004932404 -0.24719700217247
1.76510000228882 -0.243622004985809
1.77037000656128 -0.240079000592232
1.77559995651245 -0.236569002270699
1.7807799577713 -0.233090996742249
1.78592002391815 -0.229644998908043
1.79101002216339 -0.22623099386692
1.79604995250702 -0.222848996520042
1.80104994773865 -0.219497993588448
1.80601000785828 -0.216177999973297
1.81092000007629 -0.21288900077343
1.81579005718231 -0.209629997611046
1.82061994075775 -0.206402003765106
1.82539999485016 -0.203202992677689
1.83013999462128 -0.200032994151115
1.8348400592804 -0.196891993284225
1.83949995040894 -0.19378000497818
1.84412002563477 -0.190696001052856
1.84870004653931 -0.187639996409416
1.85324001312256 -0.184609994292259
1.85774004459381 -0.181608006358147
1.86220002174377 -0.178632006049156
1.86662995815277 -0.175681993365288
1.87101995944977 -0.172756999731064
1.87537002563477 -0.169857993721962
1.8796900510788 -0.166982993483543
1.88397002220154 -0.164131999015808
1.88821995258331 -0.161304995417595
1.89243996143341 -0.158500999212265
1.89662003517151 -0.155718997120857
1.90076994895935 -0.152960002422333
1.90488994121552 -0.15022300183773
1.90898001194 -0.14750699698925
1.91304004192352 -0.144811004400253
1.91707003116608 -0.142135992646217
1.92106997966766 -0.139480993151665
1.9250500202179 -0.136844992637634
1.92899000644684 -0.134228006005287
1.93291997909546 -0.131630003452301
1.93681001663208 -0.129049003124237
1.94068002700806 -0.126486003398895
1.94451999664307 -0.123939998447895
1.94834005832672 -0.121409997344017
1.95213997364044 -0.118896998465061
1.95591998100281 -0.116398997604847
1.95966994762421 -0.113916002213955
1.96340000629425 -0.111447997391224
1.96712005138397 -0.108993999660015
1.97081005573273 -0.106554001569748
1.97448003292084 -0.104128003120422
1.97813999652863 -0.101714000105858
1.98177003860474 -0.0993134006857872
1.98538994789124 -0.096924401819706
1.9889999628067 -0.0945471003651619
1.99258995056152 -0.092180997133255
1.99616003036499 -0.0898256972432137
1.99971997737885 -0.0874807983636856
2.00325989723206 -0.0851458013057709
2.00678992271423 -0.082820400595665
2.01030993461609 -0.0805040001869202
2.0138099193573 -0.0781965032219887
2.01729989051819 -0.0758972018957138
2.02079010009766 -0.0736057981848717
2.0242600440979 -0.0713218972086906
2.02771997451782 -0.0690452009439468
2.03117990493774 -0.0667750984430313
2.0346200466156 -0.0645114034414291
2.03805994987488 -0.0622536018490791
2.04149007797241 -0.0600013993680477
2.04490995407104 -0.0577543005347252
2.04832005500793 -0.055511899292469
2.05172991752625 -0.0532739982008934
2.05514001846313 -0.0510401017963886
2.0585401058197 -0.0488098002970219
2.06193995475769 -0.0465826988220215
2.06533002853394 -0.0443584993481636
2.06872010231018 -0.042136799544096
2.07210993766785 -0.0399173013865948
2.07550001144409 -0.0376994013786316
2.07888007164001 -0.0354829989373684
2.08226990699768 -0.0332675985991955
2.0856499671936 -0.0310527998954058
2.08904004096985 -0.0288382992148399
2.09243011474609 -0.0266238003969193
2.09580993652344 -0.0244086999446154
2.09921002388 -0.0221928004175425
2.10260009765625 -0.0199758000671864
2.10599994659424 -0.017757099121809
2.10940003395081 -0.0155365997925401
2.11279988288879 -0.0133138000965118
2.11620998382568 -0.0110882995650172
2.1196300983429 -0.00885974988341331
2.12304997444153 -0.00662783998996019
2.12648010253906 -0.00439218012616038
2.12992000579834 -0.00215240009129047
2.13335990905762 9.18720033951104E-05
2.13682007789612 0.00234099989756942
2.14028000831604 0.0045953500084579
2.14374995231628 0.00685530016198754
2.14722990989685 0.00912121031433344
2.15072989463806 0.0113933999091387
2.15423011779785 0.0136724002659321
2.15774989128113 0.0159584004431963
2.16127991676331 0.0182518996298313
2.16481995582581 0.0205531008541584
2.16837000846863 0.0228626001626253
2.17194008827209 0.0251806005835533
2.17552995681763 0.0275075994431973
2.17913007736206 0.0298439003527164
2.18274998664856 0.0321898981928825
2.18637990951538 0.0345458984375
2.19003009796143 0.0369122996926308
2.19370007514954 0.0392896011471748
2.19739007949829 0.0416781008243561
2.20109009742737 0.0440781004726887
2.20481991767883 0.0464900992810726
2.20857000350952 0.0489143989980221
2.21233010292053 0.051351398229599
2.21612000465393 0.0538014993071556
2.21992993354797 0.0562650002539158
2.22376990318298 0.0587422996759415
2.22762989997864 0.0612336993217468
2.23150992393494 0.0637397989630699
2.23540997505188 0.0662607029080391
2.23934006690979 0.0687969028949738
2.24329996109009 0.0713488012552261
2.24727988243103 0.0739167034626007
2.25129008293152 0.0765009000897408
2.25533008575439 0.0791018009185791
2.25939011573792 0.0817198008298874
2.26348996162415 0.0843551009893417
2.2676100730896 0.0870082005858421
2.27175998687744 0.0896793007850647
2.27593994140625 0.0923687964677811
2.28015995025635 0.0950769037008286
2.28439998626709 0.0978040993213654
2.28868007659912 0.100551001727581
2.29297995567322 0.103316999971867
2.29732990264893 0.106101997196674
2.30170011520386 0.108907997608185
2.30610990524292 0.111735001206398
2.31054997444153 0.114582002162933
2.31503009796143 0.117449998855591
2.31954002380371 0.120338998734951
2.32407999038696 0.123249001801014
2.32867002487183 0.12618100643158
2.33328008651733 0.129133999347687
2.33793997764587 0.132109001278877
2.34262990951538 0.13510599732399
2.34735989570618 0.138126000761986
2.35211992263794 0.141166999936104
2.35692000389099 0.144231006503105
2.36175990104675 0.147317007184029
2.36664009094238 0.150425001978874
2.3715500831604 0.153556004166603
2.37649989128113 0.156709000468254
2.38148999214172 0.159885004162788
2.38651990890503 0.163083001971245
2.39158010482788 0.166302993893623
2.39668011665344 0.169544994831085
2.40181994438171 0.17281000316143
2.40700006484985 0.176096007227898
2.41220998764038 0.179405003786087
2.4174599647522 0.182734996080399
2.42273998260498 0.186085999011993
2.42807006835938 0.18945899605751
2.43342995643616 0.192852005362511
2.43881988525391 0.196265995502472
2.44425010681152 0.199700996279716
2.44971990585327 0.203155994415283
2.45520997047424 0.206630006432533
2.46075010299683 0.210124000906944
2.46631002426147 0.213636994361877
2.47190999984741 0.217169001698494
2.47754001617432 0.220718994736671
2.48321008682251 0.224287003278732
2.48889994621277 0.227871999144554
2.49462008476257 0.231473997235298
2.50038003921509 0.235092997550964
2.50616002082825 0.238727003335953
2.51197004318237 0.242376998066902
2.51781010627747 0.246041998267174
2.52366995811462 0.249722003936768
2.52956008911133 0.253414988517761
2.53548002243042 0.257122009992599
2.54141998291016 0.260841995477676
2.54737997055054 0.264573991298676
2.55336999893188 0.268317997455597
2.55938005447388 0.272074013948441
2.56540989875793 0.275840014219284
2.57146000862122 0.279615998268127
2.57752990722656 0.283401995897293
2.58362007141113 0.28719699382782
2.58972001075745 0.291000992059708
2.5958399772644 0.294813007116318
2.60197997093201 0.298631995916367
2.60813999176025 0.302457988262177
2.61431002616882 0.306290000677109
2.62049007415771 0.31012898683548
2.62668991088867 0.313973009586334
2.63288998603821 0.317820996046066
2.63911008834839 0.321673989295959
2.64533996582031 0.325531005859375
2.65158009529114 0.329391986131668
2.65782999992371 0.333254992961884
2.6640899181366 0.337119996547699
2.67035007476807 0.340988010168076
2.6766300201416 0.344857007265091
2.68289995193481 0.348726987838745
2.68918991088867 0.352598011493683
2.69548010826111 0.356469005346298
2.70177006721497 0.360339999198914
2.70807003974915 0.36421000957489
2.71437001228333 0.368079006671906
2.7206699848175 0.37194699048996
2.72696995735168 0.375811994075775
2.73327994346619 0.379676014184952
2.73957991600037 0.383536994457245
2.74588990211487 0.387394994497299
2.75219011306763 0.391250014305115
2.75850009918213 0.395101010799408
2.76480007171631 0.39894899725914
2.77110004425049 0.402792006731033
2.77740001678467 0.406630009412766
2.78368997573853 0.410463988780975
2.78997993469238 0.414292007684708
2.79626989364624 0.418114989995956
2.80255007743835 0.421932011842728
2.80883002281189 0.425743997097015
2.8150999546051 0.429547995328903
2.82136988639832 0.43334698677063
2.82763004302979 0.437137991189957
2.83387994766235 0.440921992063522
2.8401300907135 0.444698989391327
2.84635996818542 0.448467999696732
2.85260009765625 0.452230006456375
2.85881996154785 0.455983012914658
2.86503005027771 0.459728002548218
2.87123990058899 0.463465005159378
2.8774299621582 0.467193007469177
2.88362002372742 0.470912009477615
2.88979005813599 0.474622011184692
2.89596009254456 0.478323012590408
2.90211009979248 0.482014000415802
2.90825009346008 0.485695004463196
2.91438007354736 0.489365994930267
2.92050004005432 0.4930280148983
2.92458009719849 0.495463013648987
2.92728996276855 0.497083991765976
2.92910003662109 0.498163014650345
2.93029999732971 0.498881995677948
2.9310998916626 0.499361008405685
2.93216991424561 0.5
2.93216991424561 0.5
2.93323993682861 0.500638008117676
2.93404006958008 0.501116991043091
2.93525004386902 0.501833975315094
2.93705010414124 0.502910017967224
2.93974995613098 0.504521012306213
2.94379997253418 0.506933987140656
2.94985008239746 0.510544002056122
2.95892000198364 0.515937983989716
2.96795010566711 0.521306991577148
2.97694993019104 0.526650011539459
2.98591995239258 0.531965970993042
2.99484992027283 0.537254989147186
3.00375008583069 0.542517006397247
3.01260995864868 0.547749996185303
3.02143001556396 0.552955985069275
3.03022003173828 0.558131992816925
3.03896999359131 0.563278019428253
3.04767990112305 0.568395018577576
3.05634999275208 0.573481976985931
3.06498003005981 0.578536987304688
3.07357001304626 0.583562016487122
3.08211994171143 0.588554978370667
3.09062004089355 0.593515992164612
3.09908008575439 0.598443984985352
3.10750007629395 0.603340029716492
3.11585998535156 0.60820198059082
3.12419009208679 0.613031029701233
3.13246011734009 0.617825984954834
3.14069008827209 0.622587025165558
3.14886999130249 0.627313017845154
3.15700006484985 0.632003009319305
3.16508007049561 0.636659026145935
3.17311000823975 0.641278028488159
3.18109011650085 0.645861029624939
3.18900990486145 0.650407016277313
3.19689011573792 0.654917001724243
3.20471000671387 0.659389019012451
3.21247005462646 0.663824021816254
3.22018003463745 0.668220996856689
3.2278299331665 0.672578990459442
3.23543000221252 0.676898002624512
3.24296998977661 0.681178987026215
3.25044989585876 0.685419976711273
3.25786995887756 0.689620971679688
3.26522994041443 0.693781971931458
3.27254009246826 0.697902977466583
3.27977991104126 0.701982975006104
3.28695011138916 0.706022024154663
3.29407000541687 0.710020005702972
3.3011200428009 0.71397602558136
3.308109998703 0.717890024185181
3.31503009796143 0.721760988235474
3.32189011573792 0.725589990615845
3.32868003845215 0.729375004768372
3.33541011810303 0.733117997646332
3.34206008911133 0.736815989017487
3.3486499786377 0.740471005439758
3.35517001152039 0.744081020355225
3.3616099357605 0.747646987438202
3.36799001693726 0.751168012619019
3.37428998947144 0.754643023014069
3.38053011894226 0.758072972297668
3.38668990135193 0.761457979679108
3.39277005195618 0.764796018600464
3.39878010749817 0.768087983131409
3.40472006797791 0.771332979202271
3.41056990623474 0.774531006813049
3.4163498878479 0.7776820063591
3.42206001281738 0.780785024166107
3.42768001556396 0.783840000629425
3.43322992324829 0.78684800863266
3.43869996070862 0.789807021617889
3.44408011436462 0.79271799325943
3.44937992095947 0.795579016208649
3.45461010932922 0.798391997814178
3.45973992347717 0.801154971122742
3.46479988098145 0.803867995738983
3.4697699546814 0.806532025337219
3.47465991973877 0.809145987033844
3.47946000099182 0.811708986759186
3.48416996002197 0.814221024513245
3.48880004882813 0.816682994365692
3.49334001541138 0.819094002246857
3.49779009819031 0.821453988552094
3.50215005874634 0.823761999607086
3.50641989707947 0.826018989086151
3.51060009002686 0.828224003314972
3.51468992233276 0.830376982688904
3.51869010925293 0.832477986812592
3.52258992195129 0.834526002407074
3.52640008926392 0.836521983146667
3.53011989593506 0.838464975357056
3.53374004364014 0.8403559923172
3.53727006912231 0.842193007469177
3.54069995880127 0.843977987766266
3.5440399646759 0.845709025859833
3.54728007316589 0.84738701581955
3.55042004585266 0.8490110039711
3.55346989631653 0.850582003593445
3.55641007423401 0.852099001407623
3.55925989151001 0.853561997413635
3.56201004981995 0.854972004890442
3.56465005874634 0.856326997280121
3.56719994544983 0.857627987861633
3.56963992118835 0.85887598991394
3.57199001312256 0.86006897687912
3.57422995567322 0.861208021640778
3.57637000083923 0.862291991710663
3.5783998966217 0.863322973251343
3.58032989501953 0.86429899930954
3.58215999603271 0.865220010280609
3.58388996124268 0.866087973117828
3.58550000190735 0.866900980472565
3.58701992034912 0.867658972740173
3.58842992782593 0.868363976478577
3.58973002433777 0.869014024734497
3.59091997146606 0.869610011577606
3.59201002120972 0.870150983333588
3.59298992156982 0.870639026165009
3.59386992454529 0.871071994304657
3.59464001655579 0.871451020240784
3.59529995918274 0.87177699804306
3.59584999084473 0.872048020362854
3.59629011154175 0.872264981269836
3.59662008285522 0.872429013252258
3.59684991836548 0.872538983821869
3.59696006774902 0.872596025466919
3.59698009490967 0.872602999210358
3.59680008888245 0.872518002986908
3.59618997573853 0.872219979763031
3.59512996673584 0.871711015701294
3.59364008903503 0.870992004871368
3.59170007705688 0.87006402015686
3.58930993080139 0.868929028511047
3.58648991584778 0.867588996887207
3.5832200050354 0.866044998168945
3.57949995994568 0.864297986030579
3.57534003257751 0.86235100030899
3.57072997093201 0.860206007957458
3.56569004058838 0.857864022254944
3.56018996238708 0.855327010154724
3.55426001548767 0.852598011493683
3.54787993431091 0.849677979946136
3.54104995727539 0.846570014953613
3.53379011154175 0.843276977539063
3.5260899066925 0.839798986911774
3.51794004440308 0.836139976978302
3.50936007499695 0.832301020622253
3.5003399848938 0.828284978866577
3.49088001251221 0.824095010757446
3.48097991943359 0.819732010364532
3.47064995765686 0.815199017524719
3.45988011360168 0.810497999191284
3.44867992401123 0.80563098192215
3.43705010414124 0.80060201883316
3.42498993873596 0.795410990715027
3.41249990463257 0.790062010288239
3.39956998825073 0.784555971622467
3.38621997833252 0.778895974159241
3.37244009971619 0.773082971572876
3.35823011398315 0.767121016979218
3.34359002113342 0.761012017726898
3.32853007316589 0.754756987094879
3.31304001808167 0.748359024524689
3.29712009429932 0.741819024085999
3.28079009056091 0.735140979290009
3.26401996612549 0.728326022624969
3.24684000015259 0.721377015113831
3.22922992706299 0.714295029640198
3.21119999885559 0.707084000110626
3.19273996353149 0.699743986129761
3.17387008666992 0.692279994487762
3.15458011627197 0.684692025184631
3.13487005233765 0.676984012126923
3.11473989486694 0.66915899515152
3.09419989585876 0.661219000816345
3.07325005531311 0.653167009353638
3.05188989639282 0.645006000995636
3.03012990951538 0.636740028858185
3.00796008110046 0.628373026847839
2.98539996147156 0.6199089884758
2.96246004104614 0.611351013183594
2.93913006782532 0.602706015110016
2.91543006896973 0.593976974487305
2.89138007164001 0.58517199754715
2.86697006225586 0.576295971870422
2.84223008155823 0.567355990409851
2.81716990470886 0.558359026908875
2.79181003570557 0.549314022064209
2.76618003845215 0.540229022502899
2.74028992652893 0.531114995479584
2.71416997909546 0.521979987621307
2.68784999847412 0.51283597946167
2.66135001182556 0.503695011138916
2.63472008705139 0.49456599354744
2.60798001289368 0.485464006662369
2.58117008209229 0.47639998793602
2.55433988571167 0.467386990785599
2.52750992774963 0.458436995744705
2.50072002410889 0.4495629966259
2.47402000427246 0.440775990486145
2.44743990898132 0.432087004184723
2.42101001739502 0.423507004976273
2.39476990699768 0.415046006441116
2.36876010894775 0.406711995601654
2.34299993515015 0.398514002561569
2.31751990318298 0.390457004308701
2.29234004020691 0.382548004388809
2.26747989654541 0.374790012836456
2.24296998977661 0.367186993360519
2.21881008148193 0.359741002321243
2.19500994682312 0.352454006671906
2.1716001033783 0.345326006412506
2.14856004714966 0.338355988264084
2.12591004371643 0.331544011831284
2.10364007949829 0.324887990951538
2.0817699432373 0.318385988473892
2.06028008460999 0.312036007642746
2.03917002677917 0.305835008621216
2.01844000816345 0.299778014421463
1.9980800151825 0.293864011764526
1.97809994220734 0.288089007139206
1.95846998691559 0.282449007034302
1.93920004367828 0.276939988136292
1.92027997970581 0.271557986736298
1.9016900062561 0.266299992799759
1.8834400177002 0.261162996292114
1.86550998687744 0.256141990423203
1.84789001941681 0.251233994960785
1.83057999610901 0.2464350014925
1.81357002258301 0.241741001605988
1.79684996604919 0.237150996923447
1.78041994571686 0.232658997178078
1.76425004005432 0.228264003992081
1.74836003780365 0.223960995674133
1.73273003101349 0.219749003648758
1.71735000610352 0.215623006224632
1.70221996307373 0.211582005023956
1.68731999397278 0.20762200653553
1.67265999317169 0.203740999102592
1.65822994709015 0.199937000870705
1.64400994777679 0.196207001805305
1.63001000881195 0.192549005150795
1.61621999740601 0.188960000872612
1.60263001918793 0.185439005494118
1.58923995494843 0.181984007358551
1.57603001594543 0.178590998053551
1.56301999092102 0.175261005759239
1.55018997192383 0.171990007162094
1.53752994537354 0.168778002262115
1.52505004405975 0.165620997548103
1.51273000240326 0.162520006299019
1.50057995319366 0.15947100520134
1.48859000205994 0.156474992632866
1.47675001621246 0.15352800488472
1.46507000923157 0.150630995631218
1.4535299539566 0.147780999541283
1.44213998317719 0.144977003335953
1.4308899641037 0.142219007015228
1.41978001594543 0.139504000544548
1.40880000591278 0.136831998825073
1.39795005321503 0.134201005101204
1.38723003864288 0.131611004471779
1.37662994861603 0.129060998558998
1.36616003513336 0.126549005508423
1.35581004619598 0.124075002968311
1.34556996822357 0.121637001633644
1.33545005321503 0.119235001504421
1.32544994354248 0.116867996752262
1.31554996967316 0.114534996449947
1.30575001239777 0.112236000597477
1.29606997966766 0.10996899753809
1.28647994995117 0.107732996344566
1.27699995040894 0.105529002845287
1.26761996746063 0.103354997932911
1.25832998752594 0.101210996508598
1.24914002418518 0.0990957990288734
1.24003994464874 0.097009003162384
1.23102998733521 0.0949499011039734
1.22211003303528 0.0929180011153221
1.21327996253967 0.0909126996994019
1.20453000068665 0.0889334976673126
1.19587004184723 0.0869797021150589
1.18728995323181 0.0850510001182556
1.17879998683929 0.0831466987729073
1.17037999629974 0.0812662988901138
1.16203999519348 0.0794095024466515
1.15377998352051 0.0775756984949112
1.1455899477005 0.0757644027471542
1.13748002052307 0.0739753991365433
1.12943994998932 0.0722080022096634
1.12147998809814 0.0704618990421295
1.11357998847961 0.0687367022037506
1.10574996471405 0.0670320019125938
1.09799003601074 0.0653474032878876
1.09029996395111 0.063682496547699
1.08267998695374 0.0620369985699654
1.075119972229 0.060410600155592
1.06762003898621 0.0588027983903885
1.06018996238708 0.0572132989764214
1.05280995368958 0.0556419007480145
1.04550004005432 0.0540881007909775
1.03824996948242 0.0525517016649246
1.03105998039246 0.0510324016213417
1.0239200592041 0.0495297983288765
1.0168399810791 0.0480437986552715
1.00981998443604 0.0465738996863365
1.00285995006561 0.0451199002563953
0.995944023132324 0.0436814986169338
0.989085018634796 0.0422585010528564
0.982279002666473 0.0408505015075207
0.97552502155304 0.0394574999809265
0.968820989131927 0.0380790010094643
0.962167978286743 0.0367147997021675
0.955564975738525 0.0353646986186504
0.949009001255035 0.0340283997356892
0.942502021789551 0.0327057987451553
0.936042010784149 0.0313965007662773
0.929628014564514 0.0301003996282816
0.923259019851685 0.0288171004503965
0.916935980319977 0.0275465995073318
0.910655975341797 0.0262886006385088
0.904420018196106 0.0250428002327681
0.898226022720337 0.0238090995699167
0.89207398891449 0.0225872006267309
0.885963022708893 0.0213769003748894
0.879893004894257 0.0201781000941992
0.873862028121948 0.0189904998987913
0.867870986461639 0.0178139992058277
0.861917972564697 0.0166481994092464
0.856001973152161 0.015493200160563
0.850124001502991 0.0143486000597477
0.84428197145462 0.0132143003866076
0.838474988937378 0.0120900003239512
0.83270400762558 0.0109756998717785
0.826965987682343 0.00987112987786531
0.821263015270233 0.00877610966563225
0.815591990947723 0.007690470200032
0.809953987598419 0.00661404989659786
0.804347991943359 0.00554666994139552
0.798771977424622 0.00448817992582917
0.793227970600128 0.00343841011635959
0.78771299123764 0.0023972000926733
0.782226979732513 0.00136440002825111
0.776769995689392 0.000339844002155587
0.771341025829315 -0.000676610972732306
0.765938997268677 -0.00168511003721505
0.760564982891083 -0.00268580997362733
0.755217015743256 -0.00367884989827871
0.749894022941589 -0.00466436985880136
0.744597017765045 -0.00564249977469444
0.739323973655701 -0.00661337981000543
0.734076023101807 -0.00757713988423347
0.728851020336151 -0.00853389967232943
0.723649024963379 -0.00948380958288908
0.718469977378845 -0.0104270000010729
0.713311970233917 -0.0113634997978806
0.708176970481873 -0.0122934998944402
0.703063011169434 -0.0132171995937824
0.697969019412994 -0.0141345001757145
0.692896008491516 -0.0150456996634603
0.687842011451721 -0.0159508008509874
0.682807981967926 -0.0168498996645212
0.677793025970459 -0.0177432000637054
0.672796010971069 -0.0186305996030569
0.667818009853363 -0.0195124000310898
0.662858009338379 -0.0203885994851589
0.657914996147156 -0.0212593004107475
0.652988970279694 -0.0221244990825653
0.648079991340637 -0.0229844991117716
0.643186986446381 -0.0238390993326902
0.63831102848053 -0.0246885009109974
0.633450984954834 -0.0255328994244337
0.628606021404266 -0.0263721998780966
0.623776018619537 -0.0272064991295338
0.618961989879608 -0.0280358009040356
0.614162027835846 -0.0288603994995356
0.609377026557922 -0.0296800993382931
0.604606986045837 -0.0304950997233391
0.599849998950958 -0.0313053987920284
0.595107018947601 -0.0321111008524895
0.590378999710083 -0.0329122990369797
0.585663020610809 -0.0337089002132416
0.580960988998413 -0.0345010012388229
0.576273024082184 -0.0352886989712715
0.57159698009491 -0.0360720008611679
0.566933989524841 -0.0368510000407696
0.562283992767334 -0.0376257002353668
0.557646989822388 -0.0383961014449596
0.553022027015686 -0.0391623005270958
0.548408985137939 -0.0399244017899036
0.543808996677399 -0.0406823009252548
0.539220988750458 -0.0414360985159874
0.534645020961761 -0.0421857982873917
0.53008097410202 -0.0429315008223057
0.525528013706207 -0.0436731986701488
0.520987987518311 -0.0444108992815018
0.516458988189697 -0.0451446995139122
0.511942028999329 -0.0458744987845421
0.507435977458954 -0.0466004982590675
0.502942025661469 -0.0473227016627789
0.498459011316299 -0.0480411015450954
0.493986994028091 -0.0487556010484695
0.489526987075806 -0.0494664013385773
0.485078006982803 -0.0501734986901283
0.48063999414444 -0.0508769005537033
0.476213008165359 -0.0515767000615597
0.471796989440918 -0.0522728003561497
0.46739199757576 -0.0529652982950211
0.462998002767563 -0.0536542981863022
0.458615005016327 -0.054339699447155
0.454241991043091 -0.0550215989351273
0.449880003929138 -0.0557000003755093
0.445529013872147 -0.0563750006258488
0.441188991069794 -0.0570464991033077
0.436859011650085 -0.0577147006988525
0.432538986206055 -0.0583796016871929
0.428229987621307 -0.0590411014854908
0.423931986093521 -0.0596994012594223
0.419643014669418 -0.0603544004261494
0.415365010499954 -0.0610061995685101
0.41109699010849 -0.0616548992693424
0.40683901309967 -0.0623003989458084
0.40259200334549 -0.0629428997635841
0.39835399389267 -0.0635823011398315
0.394125998020172 -0.0642186999320984
0.389907002449036 -0.0648521035909653
0.38569900393486 -0.0654826983809471
0.381500005722046 -0.066110298037529
0.377310991287231 -0.0667352005839348
0.3731310069561 -0.0673573017120361
0.368959993124008 -0.067976601421833
0.364798009395599 -0.0685933008790016
0.36064600944519 -0.0692074000835419
0.356503009796143 -0.0698188990354538
0.352367997169495 -0.0704279989004135
0.348242998123169 -0.0710346028208733
0.344125986099243 -0.0716388002038002
0.34001699090004 -0.072240799665451
0.335916996002197 -0.0728404968976974
0.331824988126755 -0.0734380036592484
0.327740997076035 -0.0740334987640381
0.323664993047714 -0.0746269971132278
0.319595992565155 -0.0752184987068176
0.315535008907318 -0.075808197259903
0.311482012271881 -0.0763961970806122
0.307435005903244 -0.0769824981689453
0.303395003080368 -0.0775673016905785
0.299362003803253 -0.0781506970524788
0.295336008071899 -0.0787328034639359
0.291314989328384 -0.0793135985732079
0.287299990653992 -0.0798934027552605
0.283291012048721 -0.0804722011089325
0.27928701043129 -0.0810502022504807
0.275287985801697 -0.0816275998950005
0.271293014287949 -0.0822044014930725
0.267302989959717 -0.0827810019254684
0.263316005468369 -0.0833572968840599
0.25933301448822 -0.0839338004589081
0.255353003740311 -0.084510400891304
0.251374989748001 -0.0850875005125999
0.247400000691414 -0.085665300488472
0.243425995111465 -0.0862440019845963
0.239452004432678 -0.0868239030241966
0.23547999560833 -0.0874051973223686
0.231507003307343 -0.0879883021116257
0.227532997727394 -0.0885735005140305
0.223557993769646 -0.0891610980033875
0.219580993056297 -0.0897514969110489
0.215601995587349 -0.090345099568367
0.211618006229401 -0.0909423008561134
0.207631006836891 -0.0915435999631882
0.203639999032021 -0.0921495035290718
0.19964200258255 -0.0927603989839554
0.195638999342918 -0.0933770015835762
0.191630005836487 -0.0939998030662537
0.187613993883133 -0.0946293994784355
0.183590993285179 -0.0952666029334068
0.179560005664825 -0.0959120020270348
0.175522997975349 -0.0965662971138954
0.171480000019073 -0.0972303971648216
0.167431995272636 -0.0979048013687134
0.163379997014999 -0.0985905006527901
0.159327000379562 -0.09928809851408
0.155275002121925 -0.09999830275774
0.151230007410049 -0.100722000002861
0.147195994853973 -0.101458996534348
0.143178999423981 -0.102210000157356
0.13918599486351 -0.102975003421307
0.135226994752884 -0.103753998875618
0.131310001015663 -0.104547999799252
0.127445995807648 -0.105354003608227
0.12364300340414 -0.106173999607563
0.119911998510361 -0.107005000114441
0.116261996328831 -0.10784699767828
0.112698003649712 -0.10869999974966
0.109227001667023 -0.109563000500202
0.105852998793125 -0.110435999929905
0.1025760024786 -0.111317001283169
0.099398098886013 -0.112208001315594
0.0963160023093224 -0.11310900002718
0.0933274999260902 -0.114019997417927
0.090428501367569 -0.114942997694016
0.0876144990324974 -0.115878000855446
0.0848802030086517 -0.116827003657818
0.082220196723938 -0.117792002856731
0.0796288996934891 -0.118773996829987
0.0771005004644394 -0.119776003062725
0.0746294036507607 -0.120800003409386
0.0722099989652634 -0.121847003698349
0.069836899638176 -0.122922003269196
0.0675048008561134 -0.124026000499725
0.065208300948143 -0.125163003802299
0.0629426017403603 -0.126335993409157
0.0607025995850563 -0.12754899263382
0.058483399450779 -0.128804996609688
0.0562801994383335 -0.130108997225761
0.0540883988142014 -0.131465002894402
0.05190309882164 -0.132878005504608
0.0497195012867451 -0.134353995323181
0.0475327000021935 -0.135899007320404
0.045337900519371 -0.137518003582954
0.0431298017501831 -0.139220997691154
0.0409031994640827 -0.141012996435165
0.0386523008346558 -0.142904996871948
0.0363713018596172 -0.144905999302864
0.0340538993477821 -0.147027000784874
0.0316931009292603 -0.149278998374939
0.0292815994471312 -0.151675999164581
0.0268111992627382 -0.154231995344162
0.0242730993777514 -0.156965002417564
0.0216573998332024 -0.159891992807388
0.0189529992640018 -0.163035005331039
0.0161476992070675 -0.166416004300117
0.0132277002558112 -0.170062005519867
0.0101773999631405 -0.174002006649971
0.0069790999405086 -0.178268000483513
0.00361281004734337 -0.182897999882698
5.58161009394098E-05 -0.187932997941971
-0.00371771003119648 -0.193419992923737
